 31.15989    732.41     732.414           0           0           0  44.6945   0.9963  2.6727 26.0000  0.0000     10520  0.5000
 15.57994    733.36     733.364           0           0           0  44.6945   0.9952  2.2871 26.0000  0.0000     21040  0.5000
  7.78997    727.68     727.681           0           0           0  44.6945   0.9948  2.0007 26.0000  0.0000     31560  0.5000
  3.89499    729.67     729.666           0           0           0  44.6945   0.9929  1.9527 26.0000  0.0000     42080  0.5000
  1.94749     724.3     724.298           0           0           0  44.6945   0.9890  2.1493 26.0000  0.0000     52600  0.5000
  0.97375    721.29     721.286           0           0           0  44.6945   0.9804  2.6027 26.0000  0.0000     63120  0.5000
  0.48687     714.2     714.202           0           0           0  44.6945   0.9691  3.6744 26.0000  0.0000     73640  0.5000
  0.24344    691.46      691.46           0           0           0  44.6945   0.9404  6.4661 26.0000  0.0000     84160  0.9000
  0.21909    672.04     672.042           0           0           0  44.6945   0.9322  4.3004 26.0000  0.0000     94680  0.9000
  0.19718    654.62     654.623           0           0           0  44.6945   0.9221  5.2938 26.0000  0.0000    105200  0.9000
  0.17747    635.26     635.256           0           0           0  44.6945   0.9167  5.6981 26.0000  0.0000    115720  0.9000
  0.15972    621.59     621.586           0           0           0  44.6945   0.9078  3.1945 26.0000  0.0000    126240  0.9000
  0.14375    609.68     609.682           0           0           0  44.6945   0.8998  3.0715 26.0000  0.0000    136760  0.9000
  0.12937    599.98     599.985           0           0           0  44.6945   0.8909  2.9691 26.0000  0.0000    147280  0.9000
  0.11643    592.26     592.262           0           0           0  44.6945   0.8815  2.8883 26.0000  0.0000    157800  0.9000
  0.10479    582.65     582.648           0           0           0  44.6945   0.8761  2.4731 26.0000  0.0000    168320  0.9000
  0.09431    574.23     574.235           0           0           0  44.6945   0.8625  2.9215 26.0000  0.0000    178840  0.9000
  0.08488    563.33     563.329           0           0           0  44.6945   0.8542  4.3453 26.0000  0.0000    189360  0.9000
  0.07639    554.29     554.293           0           0           0  44.6945   0.8428  2.6808 26.0000  0.0000    199880  0.9000
  0.06875    546.39     546.393           0           0           0  44.6945   0.8378  2.3445 26.0000  0.0000    210400  0.9000
  0.06188    539.44     539.442           0           0           0  44.6945   0.8174  1.7990 26.0000  0.0000    220920  0.9000
  0.05569    533.42     533.418           0           0           0  44.6945   0.8028  1.4476 26.0000  0.0000    231440  0.9000
  0.05012    530.65     530.648           0           0           0  44.6945   0.7949  1.1438 26.0000  0.0000    241960  0.9500
  0.04762    526.87     526.871           0           0           0  44.6945   0.7859  1.0390 26.0000  0.0000    252480  0.9500
  0.04523    523.31     523.308           0           0           0  44.6945   0.7804  1.0694 26.0000  0.0000    263000  0.9500
  0.04297    521.24     521.236           0           0           0  44.6945   0.7722  1.2402 26.0000  0.0000    273520  0.9500
  0.04082    516.91     516.907           0           0           0  44.6945   0.7562  0.7553 26.0000  0.0000    284040  0.9500
  0.03878    514.99     514.986           0           0           0  44.6945   0.7502  0.5332 26.0000  0.0000    294560  0.9500
  0.03684     512.3     512.298           0           0           0  44.6945   0.7495  0.9975 26.0000  0.0000    305080  0.9500
  0.03500    509.56     509.555           0           0           0  44.6945   0.7514  1.0201 26.0000  0.0000    315600  0.9500
  0.03325    506.86     506.864           0           0           0  44.6945   0.7380  0.7999 26.0000  0.0000    326120  0.9500
  0.03159    503.86     503.859           0           0           0  44.6945   0.7363  1.3890 26.0000  0.0000    336640  0.9500
  0.03001    501.32     501.318           0           0           0  44.6945   0.7330  0.2943 26.0000  0.0000    347160  0.9500
  0.02851    499.33     499.328           0           0           0  44.6945   0.7212  0.7422 26.0000  0.0000    357680  0.9500
  0.02708    497.48     497.478           0           0           0  44.6945   0.7156  0.4998 26.0000  0.0000    368200  0.9500
  0.02573    495.56     495.562           0           0           0  44.6945   0.7126  0.6528 26.0000  0.0000    378720  0.9500
  0.02444    494.23     494.228           0           0           0  44.6945   0.6936  0.5116 26.0000  0.0000    389240  0.9500
  0.02322     492.2     492.204           0           0           0  44.6945   0.6912  0.5844 26.0000  0.0000    399760  0.9500
  0.02206    490.93     490.934           0           0           0  44.6945   0.6922  0.5083 26.0000  0.0000    410280  0.9500
  0.02096    488.96     488.964           0           0           0  44.6945   0.6803  0.5529 26.0000  0.0000    420800  0.9500
  0.01991    486.61     486.607           0           0           0  44.6945   0.6715  0.7749 26.0000  0.0000    431320  0.9500
  0.01891    484.83      484.83           0           0           0  44.6945   0.6689  0.4651 26.0000  0.0000    441840  0.9500
  0.01797     483.3     483.301           0           0           0  44.6945   0.6571  0.4651 26.0000  0.0000    452360  0.9500
  0.01707    481.95     481.954           0           0           0  44.6945   0.6518  0.2362 26.0000  0.0000    462880  0.9500
  0.01622    480.94     480.937           0           0           0  44.6945   0.6552  0.3905 26.0000  0.0000    473400  0.9500
  0.01541    479.76     479.763           0           0           0  44.6945   0.6388  0.5301 26.0000  0.0000    483920  0.9500
  0.01463    477.79     477.794           0           0           0  44.6945   0.6342  0.6263 26.0000  0.0000    494440  0.9500
  0.01390    476.67     476.667           0           0           0  44.6945   0.6399  0.2814 26.0000  0.0000    504960  0.9500
  0.01321    476.02     476.018           0           0           0  44.6945   0.6233  0.2029 26.0000  0.0000    515480  0.9500
  0.01255    475.36     475.356           0           0           0  44.6945   0.6134  0.2807 26.0000  0.0000    526000  0.9500
  0.01192    474.77     474.771           0           0           0  44.6945   0.6065  0.2425 26.0000  0.0000    536520  0.9500
  0.01132    473.82     473.816           0           0           0  44.6945   0.6094  0.2924 26.0000  0.0000    547040  0.9500
  0.01076    473.31     473.312           0           0           0  44.6945   0.6087  0.1523 26.0000  0.0000    557560  0.9500
  0.01022    472.59     472.592           0           0           0  44.6945   0.5986  0.4042 26.0000  0.0000    568080  0.9500
  0.00971    471.18     471.177           0           0           0  44.6945   0.5943  0.3765 26.0000  0.0000    578600  0.9500
  0.00922    469.73     469.728           0           0           0  44.6945   0.5835  0.4233 26.0000  0.0000    589120  0.9500
  0.00876    468.24      468.24           0           0           0  44.6945   0.5677  0.3981 26.0000  0.0000    599640  0.9500
  0.00832    467.32     467.323           0           0           0  44.6945   0.5571  0.1987 26.0000  0.0000    610160  0.9500
  0.00791    466.51     466.511           0           0           0  44.6945   0.5461  0.2196 26.0000  0.0000    620680  0.9500
  0.00751    466.27     466.271           0           0           0  44.6945   0.5480  0.1184 26.0000  0.0000    631200  0.9500
  0.00714    465.74      465.74           0           0           0  44.6945   0.5439  0.2423 26.0000  0.0000    641720  0.9500
  0.00678    465.41     465.414           0           0           0  44.6945   0.5407  0.0783 26.0000  0.0000    652240  0.9500
  0.00644    464.97     464.966           0           0           0  44.6945   0.5329  0.2321 26.0000  0.0000    662760  0.9500
  0.00612    464.66      464.66           0           0           0  44.6945   0.5260  0.0535 26.0000  0.0000    673280  0.9500
  0.00581    464.34     464.343           0           0           0  44.6945   0.5196  0.1397 26.0000  0.0000    683800  0.9500
  0.00552    463.85     463.855           0           0           0  44.6945   0.5186  0.1538 26.0000  0.0000    694320  0.9500
  0.00525    463.53     463.528           0           0           0  44.6945   0.5053  0.0415 26.0000  0.0000    704840  0.9500
  0.00498    463.37     463.365           0           0           0  44.6945   0.5018  0.0882 26.0000  0.0000    715360  0.9500
  0.00473    463.15     463.153           0           0           0  44.6945   0.4918  0.0586 26.0000  0.0000    725880  0.9500
  0.00450    462.72     462.721           0           0           0  44.6945   0.5088  0.1706 26.0000  0.0000    736400  0.9500
  0.00427    462.44     462.439           0           0           0  44.6945   0.4921  0.1118 26.0000  0.0000    746920  0.9500
  0.00406    462.31     462.311           0           0           0  44.6945   0.4742  0.0408 26.0000  0.0000    757440  0.9500
  0.00386    462.15     462.149           0           0           0  44.6945   0.4893  0.0627 26.0000  0.0000    767960  0.9500
  0.00366    462.05     462.051           0           0           0  44.6945   0.4795  0.0345 26.0000  0.0000    778480  0.9500
  0.00348    462.04      462.04           0           0           0  44.6945   0.4715  0.0427 26.0000  0.0000    789000  0.9500
  0.00331    461.79      461.79           0           0           0  44.6945   0.4815  0.0793 26.0000  0.0000    799520  0.9500
  0.00314    461.55     461.548           0           0           0  44.6945   0.4843  0.0672 26.0000  0.0000    810040  0.9500
  0.00298    461.38     461.376           0           0           0  44.6945   0.4791  0.0708 26.0000  0.0000    820560  0.9500
  0.00283    461.03     461.033           0           0           0  44.6945   0.4722  0.1346 26.0000  0.0000    831080  0.9500
  0.00269    460.87     460.874           0           0           0  44.6945   0.4703  0.0259 26.0000  0.0000    841600  0.9500
  0.00256    460.78     460.779           0           0           0  44.6945   0.4698  0.0000 26.0000  0.0000    852120  0.9500
  0.00243    460.78     460.777           0           0           0  44.6945   0.4718  0.0000 26.0000  0.0000    862640  0.9500
  0.00231     460.7     460.703           0           0           0  44.6945   0.4664  0.0296 26.0000  0.0000    873160  0.9500
  0.00219    460.56     460.561           0           0           0  44.6945   0.4716  0.0594 26.0000  0.0000    883680  0.9500
  0.00208    460.35     460.354           0           0           0  44.6945   0.4639  0.0291 26.0000  0.0000    894200  0.9500
  0.00198    460.31      460.31           0           0           0  44.6945   0.4481  0.0175 26.0000  0.0000    904720  0.9500
  0.00188    460.25     460.254           0           0           0  44.6945   0.4657  0.0468 26.0000  0.0000    915240  0.9500
  0.00179    460.04     460.044           0           0           0  44.6945   0.4567  0.0713 26.0000  0.0000    925760  0.9500
  0.00170    459.92     459.917           0           0           0  44.6945   0.4583  0.0000 26.0000  0.0000    936280  0.9500
  0.00161    459.91     459.905           0           0           0  44.6945   0.4740  0.0000 26.0000  0.0000    946800  0.9500
  0.00153    459.84      459.84           0           0           0  44.6945   0.4678  0.0353 26.0000  0.0000    957320  0.9500
  0.00146    459.81     459.808           0           0           0  44.6945   0.4584  0.0000 26.0000  0.0000    967840  0.9500
  0.00138    459.81     459.809           0           0           0  44.6945   0.4545  0.0108 26.0000  0.0000    978360  0.9500
  0.00131    459.79     459.792           0           0           0  44.6945   0.4609  0.0059 26.0000  0.0000    988880  0.9500
  0.00125    459.76     459.764           0           0           0  44.6945   0.4489  0.0143 26.0000  0.0000    999400  0.9500
  0.00119    459.69      459.69           0           0           0  44.6945   0.4550  0.0591 26.0000  0.0000   1009920  0.9500
  0.00113    459.54      459.54           0           0           0  44.6945   0.4507  0.0445 26.0000  0.0000   1020440  0.9500
  0.00107    459.51     459.509           0           0           0  44.6945   0.4515  0.0000 26.0000  0.0000   1030960  0.9500
  0.00102    459.46     459.464           0           0           0  44.6945   0.4537  0.0384 26.0000  0.0000   1041480  0.9500
  0.00097    459.35     459.346           0           0           0  44.6945   0.4568  0.0386 26.0000  0.0000   1052000  0.9500
  0.00000    459.19     459.185           0           0           0            0.1698  0.0632 26.0000  0.0000   1062520
 13.64949    735.69     735.693           0           0           0  44.6945   0.9942  1.8023 26.0000  0.0000     10520  0.5000
  6.82474    734.37     734.374           0           0           0  44.6945   0.9931  1.6046 26.0000  0.0000     21040  0.5000
  3.41237    729.65     729.648           0           0           0  44.6945   0.9911  3.0144 26.0000  0.0000     31560  0.5000
  1.70619    730.48     730.478           0           0           0  44.6945   0.9872  1.6164 26.0000  0.0000     42080  0.5000
  0.85309    721.32     721.319           0           0           0  44.6945   0.9787  3.7818 26.0000  0.0000     52600  0.5000
  0.42655    708.34     708.336           0           0           0  44.6945   0.9611  3.6836 26.0000  0.0000     63120  0.5000
  0.21327    683.99     683.991           0           0           0  44.6945   0.9289 10.1101 26.0000  0.0000     73640  0.9000
  0.19195    659.88     659.885           0           0           0  44.6945   0.9264  7.4634 26.0000  0.0000     84160  0.9000
  0.17275     639.4     639.403           0           0           0  44.6945   0.9148  4.1033 26.0000  0.0000     94680  0.9000
  0.15548    627.85     627.851           0           0           0  44.6945   0.9080  4.2822 26.0000  0.0000    105200  0.9000
  0.13993     606.2     606.203           0           0           0  44.6945   0.9013  5.6246 26.0000  0.0000    115720  0.9000
  0.12594    592.18     592.182           0           0           0  44.6945   0.8908  2.0540 26.0000  0.0000    126240  0.9000
  0.11334    582.92     582.919           0           0           0  44.6945   0.8875  3.0528 26.0000  0.0000    136760  0.9000
  0.10201    569.98     569.985           0           0           0  44.6945   0.8728  3.2045 26.0000  0.0000    147280  0.9000
  0.09181    562.48     562.475           0           0           0  44.6945   0.8624  2.1904 26.0000  0.0000    157800  0.9000
  0.08263    552.88     552.882           0           0           0  44.6945   0.8517  2.0702 26.0000  0.0000    168320  0.9000
  0.07436    547.25     547.246           0           0           0  44.6945   0.8378  1.3457 26.0000  0.0000    178840  0.9000
  0.06693    542.59     542.587           0           0           0  44.6945   0.8320  1.7455 26.0000  0.0000    189360  0.9000
  0.06023    536.26      536.26           0           0           0  44.6945   0.8149  2.1134 26.0000  0.0000    199880  0.9000
  0.05421     530.6     530.602           0           0           0  44.6945   0.8010  1.6804 26.0000  0.0000    210400  0.9000
  0.04879    527.91     527.913           0           0           0  44.6945   0.7942  0.5751 26.0000  0.0000    220920  0.9500
  0.04635    524.64      524.64           0           0           0  44.6945   0.7790  1.1667 26.0000  0.0000    231440  0.9500
  0.04403    522.35     522.346           0           0           0  44.6945   0.7728  1.0124 26.0000  0.0000    241960  0.9500
  0.04183    518.71     518.707           0           0           0  44.6945   0.7751  1.2852 26.0000  0.0000    252480  0.9500
  0.03974    515.32     515.323           0           0           0  44.6945   0.7572  0.4945 26.0000  0.0000    263000  0.9500
  0.03775    513.78      513.78           0           0           0  44.6945   0.7632  0.7192 26.0000  0.0000    273520  0.9500
  0.03587    511.05     511.046           0           0           0  44.6945   0.7539  0.9387 26.0000  0.0000    284040  0.9500
  0.03407    508.79     508.786           0           0           0  44.6945   0.7430  0.5201 26.0000  0.0000    294560  0.9500
  0.03237    506.68     506.678           0           0           0  44.6945   0.7303  0.7413 26.0000  0.0000    305080  0.9500
  0.03075    504.08     504.079           0           0           0  44.6945   0.7299  0.9848 26.0000  0.0000    315600  0.9500
  0.02921    502.09     502.091           0           0           0  44.6945   0.7258  0.4763 26.0000  0.0000    326120  0.9500
  0.02775    499.82     499.817           0           0           0  44.6945   0.7247  1.2344 26.0000  0.0000    336640  0.9500
  0.02636    497.08     497.085           0           0           0  44.6945   0.7141  0.7186 26.0000  0.0000    347160  0.9500
  0.02505    494.67     494.669           0           0           0  44.6945   0.6980  0.8945 26.0000  0.0000    357680  0.9500
  0.02379    492.43     492.431           0           0           0  44.6945   0.6952  0.7367 26.0000  0.0000    368200  0.9500
  0.02260    490.12     490.118           0           0           0  44.6945   0.6934  0.8349 26.0000  0.0000    378720  0.9500
  0.02147    487.38     487.383           0           0           0  44.6945   0.6760  0.9604 26.0000  0.0000    389240  0.9500
  0.02040    485.47     485.474           0           0           0  44.6945   0.6690  0.4009 26.0000  0.0000    399760  0.9500
  0.01938    483.85     483.854           0           0           0  44.6945   0.6532  0.3820 26.0000  0.0000    410280  0.9500
  0.01841    482.19      482.19           0           0           0  44.6945   0.6628  0.5232 26.0000  0.0000    420800  0.9500
  0.01749    480.36     480.363           0           0           0  44.6945   0.6444  0.4815 26.0000  0.0000    431320  0.9500
  0.01662    479.09     479.089           0           0           0  44.6945   0.6412  0.2860 26.0000  0.0000    441840  0.9500
  0.01579    478.11     478.112           0           0           0  44.6945   0.6404  0.3396 26.0000  0.0000    452360  0.9500
  0.01500    477.08     477.078           0           0           0  44.6945   0.6404  0.3680 26.0000  0.0000    462880  0.9500
  0.01425    475.16     475.163           0           0           0  44.6945   0.6260  0.5328 26.0000  0.0000    473400  0.9500
  0.01353    474.24     474.239           0           0           0  44.6945   0.6193  0.2209 26.0000  0.0000    483920  0.9500
  0.01286    472.97     472.975           0           0           0  44.6945   0.6061  0.5860 26.0000  0.0000    494440  0.9500
  0.01221     471.7     471.703           0           0           0  44.6945   0.6022  0.4458 26.0000  0.0000    504960  0.9500
  0.01160    470.57     470.571           0           0           0  44.6945   0.5947  0.2317 26.0000  0.0000    515480  0.9500
  0.01102    469.25     469.247           0           0           0  44.6945   0.5828  0.4589 26.0000  0.0000    526000  0.9500
  0.01047    468.33     468.334           0           0           0  44.6945   0.5798  0.1946 26.0000  0.0000    536520  0.9500
  0.00995    467.43     467.429           0           0           0  44.6945   0.5738  0.3150 26.0000  0.0000    547040  0.9500
  0.00945    466.51     466.508           0           0           0  44.6945   0.5760  0.4419 26.0000  0.0000    557560  0.9500
  0.00898    465.49     465.491           0           0           0  44.6945   0.5595  0.2634 26.0000  0.0000    568080  0.9500
  0.00853    464.47     464.469           0           0           0  44.6945   0.5520  0.2961 26.0000  0.0000    578600  0.9500
  0.00810    463.43     463.429           0           0           0  44.6945   0.5391  0.2194 26.0000  0.0000    589120  0.9500
  0.00770     462.9     462.905           0           0           0  44.6945   0.5270  0.1915 26.0000  0.0000    599640  0.9500
  0.00731     462.4     462.402           0           0           0  44.6945   0.5239  0.0740 26.0000  0.0000    610160  0.9500
  0.00695    461.89     461.892           0           0           0  44.6945   0.5252  0.2464 26.0000  0.0000    620680  0.9500
  0.00660    461.32     461.322           0           0           0  44.6945   0.5122  0.1242 26.0000  0.0000    631200  0.9500
  0.00627    461.07     461.075           0           0           0  44.6945   0.5077  0.1743 26.0000  0.0000    641720  0.9500
  0.00596    460.73     460.733           0           0           0  44.6945   0.5114  0.0631 26.0000  0.0000    652240  0.9500
  0.00566    460.55     460.551           0           0           0  44.6945   0.5086  0.1380 26.0000  0.0000    662760  0.9500
  0.00538    460.29     460.287           0           0           0  44.6945   0.4862  0.0539 26.0000  0.0000    673280  0.9500
  0.00511    460.18     460.183           0           0           0  44.6945   0.4875  0.0734 26.0000  0.0000    683800  0.9500
  0.00485    459.99     459.989           0           0           0  44.6945   0.4983  0.0983 26.0000  0.0000    694320  0.9500
  0.00461    459.81     459.809           0           0           0  44.6945   0.4785  0.0617 26.0000  0.0000    704840  0.9500
  0.00438    459.62     459.615           0           0           0  44.6945   0.4864  0.0600 26.0000  0.0000    715360  0.9500
  0.00416    459.46     459.458           0           0           0  44.6945   0.4766  0.0478 26.0000  0.0000    725880  0.9500
  0.00395    459.36     459.356           0           0           0  44.6945   0.4751  0.0620 26.0000  0.0000    736400  0.9500
  0.00375    459.14     459.145           0           0           0  44.6945   0.4740  0.1422 26.0000  0.0000    746920  0.9500
  0.00357    458.76     458.756           0           0           0  44.6945   0.4644  0.0670 26.0000  0.0000    757440  0.9500
  0.00339    458.68     458.683           0           0           0  44.6945   0.4567  0.0348 26.0000  0.0000    767960  0.9500
  0.00322    458.66     458.661           0           0           0  44.6945   0.4518  0.0294 26.0000  0.0000    778480  0.9500
  0.00306    458.61     458.608           0           0           0  44.6945   0.4469  0.0297 26.0000  0.0000    789000  0.9500
  0.00290    458.52     458.517           0           0           0  44.6945   0.4577  0.0316 26.0000  0.0000    799520  0.9500
  0.00276    458.46      458.46           0           0           0  44.6945   0.4452  0.0278 26.0000  0.0000    810040  0.9500
  0.00262    458.46     458.463           0           0           0  44.6945   0.4544  0.0295 26.0000  0.0000    820560  0.9500
  0.00249    458.38     458.378           0           0           0  44.6945   0.4491  0.0524 26.0000  0.0000    831080  0.9500
  0.00237    458.15      458.15           0           0           0  44.6945   0.4506  0.0468 26.0000  0.0000    841600  0.9500
  0.00225    458.04     458.041           0           0           0  44.6945   0.4454  0.0422 26.0000  0.0000    852120  0.9500
  0.00214    457.96     457.961           0           0           0  44.6945   0.4405  0.0000 26.0000  0.0000    862640  0.9500
  0.00203    457.93     457.929           0           0           0  44.6945   0.4395  0.0144 26.0000  0.0000    873160  0.9500
  0.00193    457.89     457.892           0           0           0  44.6945   0.4356  0.0000 25.9881  0.0000    883680  0.9500
  0.00183    457.86     457.863           0           0           0  44.6945   0.4355  0.0149 25.8750  0.0000    894200  0.9500
  0.00174    457.84     457.838           0           0           0  44.6945   0.4372  0.0243 25.7574  0.0000    904720  0.9500
  0.00165    457.74     457.741           0           0           0  44.6945   0.4231  0.0309 25.6845  0.0000    915240  0.9500
  0.00157    457.68     457.676           0           0           0  44.6945   0.4312  0.0230 25.2504  0.0000    925760  0.9500
  0.00149    457.57     457.568           0           0           0  44.6945   0.4222  0.0663 25.0276  0.0000    936280  0.9500
  0.00142    457.39     457.392           0           0           0  44.6945   0.4307  0.0000 24.5832  0.0000    946800  0.9500
  0.00135    457.31     457.308           0           0           0  44.6945   0.4397  0.0386 24.3547  0.0000    957320  0.9500
  0.00128    457.22     457.223           0           0           0  44.6945   0.4221  0.0172 24.3482  0.0000    967840  0.9500
  0.00121    457.22     457.216           0           0           0  44.6945   0.4223  0.0000 23.9135  0.0000    978360  0.9500
  0.00115    457.19     457.189           0           0           0  44.6945   0.4282  0.0367 23.4912  0.0000    988880  0.9500
  0.00110    457.05     457.054           0           0           0  44.6945   0.4204  0.0624 23.2147  0.0000    999400  0.9500
  0.00104    456.89     456.887           0           0           0  44.6945   0.4196  0.0429 22.7606  0.0000   1009920  0.9500
  0.00099    456.74     456.739           0           0           0  44.6945   0.4183  0.0365 22.2959  0.0000   1020440  0.9500
  0.00094    456.72     456.722           0           0           0  44.6945   0.4136  0.0191 21.8131  0.0000   1030960  0.9500
  0.00000    456.71     456.713           0           0           0            0.1652  0.0104 21.2371  0.0000   1041480
 27.04340    744.32     744.322           0           0           0  44.6945   0.9971  2.2875 26.0000  0.0000     10520  0.5000
 13.52170    735.32     735.319           0           0           0  44.6945   0.9957  2.2195 26.0000  0.0000     21040  0.5000
  6.76085    731.06      731.06           0           0           0  44.6945   0.9943  2.7082 26.0000  0.0000     31560  0.5000
  3.38042    731.15     731.145           0           0           0  44.6945   0.9918  2.1538 26.0000  0.0000     42080  0.5000
  1.69021    725.18     725.185           0           0           0  44.6945   0.9885  2.2649 26.0000  0.0000     52600  0.5000
  0.84511    720.12     720.121           0           0           0  44.6945   0.9800  3.8454 26.0000  0.0000     63120  0.5000
  0.42255    707.34     707.342           0           0           0  44.6945   0.9620  3.4473 26.0000  0.0000     73640  0.5000
  0.21128    687.69     687.689           0           0           0  44.6945   0.9312  7.4305 26.0000  0.0000     84160  0.9000
  0.19015    660.26     660.258           0           0           0  44.6945   0.9236  7.3024 26.0000  0.0000     94680  0.9000
  0.17113    638.35     638.349           0           0           0  44.6945   0.9165  6.3452 26.0000  0.0000    105200  0.9000
  0.15402    623.02     623.021           0           0           0  44.6945   0.9089  4.1689 26.0000  0.0000    115720  0.9000
  0.13862    609.35     609.353           0           0           0  44.6945   0.9077  3.9937 26.0000  0.0000    126240  0.9000
  0.12476     596.4     596.395           0           0           0  44.6945   0.8991  3.9027 26.0000  0.0000    136760  0.9000
  0.11228    581.08     581.077           0           0           0  44.6945   0.8812  3.1600 26.0000  0.0000    147280  0.9000
  0.10105    572.73     572.732           0           0           0  44.6945   0.8794  1.5729 26.0000  0.0000    157800  0.9000
  0.09095    565.86     565.856           0           0           0  44.6945   0.8608  1.6933 26.0000  0.0000    168320  0.9000
  0.08185    559.28     559.279           0           0           0  44.6945   0.8536  1.8429 26.0000  0.0000    178840  0.9000
  0.07367    553.07     553.067           0           0           0  44.6945   0.8410  2.1694 26.0000  0.0000    189360  0.9000
  0.06630    546.34     546.343           0           0           0  44.6945   0.8280  1.5826 26.0000  0.0000    199880  0.9000
  0.05967    540.37     540.373           0           0           0  44.6945   0.8158  1.5874 26.0000  0.0000    210400  0.9000
  0.05370    534.15     534.154           0           0           0  44.6945   0.7943  1.2017 26.0000  0.0000    220920  0.9500
  0.05102    532.43     532.429           0           0           0  44.6945   0.7899  0.6331 26.0000  0.0000    231440  0.9500
  0.04847    530.51     530.514           0           0           0  44.6945   0.7844  0.8622 26.0000  0.0000    241960  0.9500
  0.04604    526.44      526.44           0           0           0  44.6945   0.7821  1.6232 26.0000  0.0000    252480  0.9500
  0.04374    523.28     523.283           0           0           0  44.6945   0.7668  0.6955 26.0000  0.0000    263000  0.9500
  0.04155    520.89     520.891           0           0           0  44.6945   0.7649  1.3550 26.0000  0.0000    273520  0.9500
  0.03948    517.15     517.149           0           0           0  44.6945   0.7543  0.4259 26.0000  0.0000    284040  0.9500
  0.03750    514.39     514.392           0           0           0  44.6945   0.7498  0.7052 26.0000  0.0000    294560  0.9500
  0.03563    512.92     512.922           0           0           0  44.6945   0.7462  0.6472 26.0000  0.0000    305080  0.9500
  0.03385    510.84      510.84           0           0           0  44.6945   0.7420  0.5540 26.0000  0.0000    315600  0.9500
  0.03215     508.4     508.403           0           0           0  44.6945   0.7335  1.2096 26.0000  0.0000    326120  0.9500
  0.03055    505.59     505.589           0           0           0  44.6945   0.7265  0.8494 26.0000  0.0000    336640  0.9500
  0.02902    503.72     503.716           0           0           0  44.6945   0.7256  0.6586 26.0000  0.0000    347160  0.9500
  0.02757    501.58     501.583           0           0           0  44.6945   0.7131  0.8071 26.0000  0.0000    357680  0.9500
  0.02619    498.82     498.822           0           0           0  44.6945   0.7009  1.1076 26.0000  0.0000    368200  0.9500
  0.02488    495.42     495.423           0           0           0  44.6945   0.6873  0.7004 26.0000  0.0000    378720  0.9500
  0.02364     494.2     494.204           0           0           0  44.6945   0.6953  0.2298 26.0000  0.0000    389240  0.9500
  0.02245    491.66     491.657           0           0           0  44.6945   0.6776  1.1220 26.0000  0.0000    399760  0.9500
  0.02133    488.78     488.779           0           0           0  44.6945   0.6686  0.6302 26.0000  0.0000    410280  0.9500
  0.02027    488.05     488.047           0           0           0  44.6945   0.6747  0.4880 26.0000  0.0000    420800  0.9500
  0.01925    485.95     485.951           0           0           0  44.6945   0.6552  0.6643 26.0000  0.0000    431320  0.9500
  0.01829    484.45     484.451           0           0           0  44.6945   0.6569  0.2910 26.0000  0.0000    441840  0.9500
  0.01737     483.3     483.305           0           0           0  44.6945   0.6579  0.3532 26.0000  0.0000    452360  0.9500
  0.01651    481.95     481.954           0           0           0  44.6945   0.6465  0.3634 26.0000  0.0000    462880  0.9500
  0.01568    480.44     480.444           0           0           0  44.6945   0.6447  0.4437 26.0000  0.0000    473400  0.9500
  0.01490    479.02     479.024           0           0           0  44.6945   0.6337  0.4536 26.0000  0.0000    483920  0.9500
  0.01415     478.1     478.097           0           0           0  44.6945   0.6232  0.3469 26.0000  0.0000    494440  0.9500
  0.01344    476.41     476.413           0           0           0  44.6945   0.6163  0.7107 26.0000  0.0000    504960  0.9500
  0.01277    474.64     474.639           0           0           0  44.6945   0.5999  0.4767 26.0000  0.0000    515480  0.9500
  0.01213    473.53     473.534           0           0           0  44.6945   0.6004  0.2483 26.0000  0.0000    526000  0.9500
  0.01153    472.44     472.444           0           0           0  44.6945   0.6092  0.4690 26.0000  0.0000    536520  0.9500
  0.01095    471.47      471.47           0           0           0  44.6945   0.5831  0.2087 26.0000  0.0000    547040  0.9500
  0.01040    470.38      470.38           0           0           0  44.6945   0.5729  0.4069 26.0000  0.0000    557560  0.9500
  0.00988    469.63     469.629           0           0           0  44.6945   0.5645  0.2184 26.0000  0.0000    568080  0.9500
  0.00939    468.77      468.77           0           0           0  44.6945   0.5633  0.2801 26.0000  0.0000    578600  0.9500
  0.00892    467.99     467.987           0           0           0  44.6945   0.5599  0.1964 26.0000  0.0000    589120  0.9500
  0.00847    467.49     467.495           0           0           0  44.6945   0.5589  0.3591 26.0000  0.0000    599640  0.9500
  0.00805    466.92     466.919           0           0           0  44.6945   0.5394  0.1014 26.0000  0.0000    610160  0.9500
  0.00765    466.63     466.631           0           0           0  44.6945   0.5506  0.1945 26.0000  0.0000    620680  0.9500
  0.00726    465.99     465.991           0           0           0  44.6945   0.5391  0.1264 26.0000  0.0000    631200  0.9500
  0.00690    465.38     465.378           0           0           0  44.6945   0.5374  0.1435 26.0000  0.0000    641720  0.9500
  0.00656     464.8     464.799           0           0           0  44.6945   0.5293  0.1606 26.0000  0.0000    652240  0.9500
  0.00623    464.56     464.556           0           0           0  44.6945   0.5119  0.0913 26.0000  0.0000    662760  0.9500
  0.00592    464.17     464.171           0           0           0  44.6945   0.4999  0.1330 26.0000  0.0000    673280  0.9500
  0.00562    463.76     463.759           0           0           0  44.6945   0.5088  0.0937 26.0000  0.0000    683800  0.9500
  0.00534    463.58     463.582           0           0           0  44.6945   0.5089  0.0498 26.0000  0.0000    694320  0.9500
  0.00507    463.44     463.439           0           0           0  44.6945   0.4992  0.0379 26.0000  0.0000    704840  0.9500
  0.00482    463.51     463.513           0           0           0  44.6945   0.4946  0.0781 26.0000  0.0000    715360  0.9500
  0.00458    463.35     463.349           0           0           0  44.6945   0.4779  0.0857 26.0000  0.0000    725880  0.9500
  0.00435    463.18     463.184           0           0           0  44.6945   0.4832  0.0561 26.0000  0.0000    736400  0.9500
  0.00413    463.06     463.062           0           0           0  44.6945   0.4811  0.0427 26.0000  0.0000    746920  0.9500
  0.00393    462.98     462.985           0           0           0  44.6945   0.4743  0.0441 26.0000  0.0000    757440  0.9500
  0.00373    462.94     462.942           0           0           0  44.6945   0.4778  0.0179 26.0000  0.0000    767960  0.9500
  0.00354    462.87     462.873           0           0           0  44.6945   0.4785  0.0257 26.0000  0.0000    778480  0.9500
  0.00337    462.71      462.71           0           0           0  44.6945   0.4667  0.0612 26.0000  0.0000    789000  0.9500
  0.00320    462.68     462.683           0           0           0  44.6945   0.4793  0.0285 26.0000  0.0000    799520  0.9500
  0.00304    462.58     462.578           0           0           0  44.6945   0.4687  0.0392 26.0000  0.0000    810040  0.9500
  0.00289    462.55     462.554           0           0           0  44.6945   0.4547  0.0305 26.0000  0.0000    820560  0.9500
  0.00274    462.54     462.544           0           0           0  44.6945   0.4663  0.0198 26.0000  0.0000    831080  0.9500
  0.00260    462.46     462.459           0           0           0  44.6945   0.4696  0.0501 26.0000  0.0000    841600  0.9500
  0.00247     462.3     462.303           0           0           0  44.6945   0.4675  0.0329 26.0000  0.0000    852120  0.9500
  0.00235    462.22     462.222           0           0           0  44.6945   0.4627  0.0452 26.0000  0.0000    862640  0.9500
  0.00223    462.17     462.166           0           0           0  44.6945   0.4614  0.0292 26.0000  0.0000    873160  0.9500
  0.00212    462.16     462.162           0           0           0  44.6945   0.4617  0.0000 26.0000  0.0000    883680  0.9500
  0.00202    462.15     462.149           0           0           0  44.6945   0.4673  0.0177 26.0000  0.0000    894200  0.9500
  0.00191    462.13     462.133           0           0           0  44.6945   0.4502  0.0055 26.0000  0.0000    904720  0.9500
  0.00182    462.02     462.016           0           0           0  44.6945   0.4576  0.0689 26.0000  0.0000    915240  0.9500
  0.00173    461.94      461.94           0           0           0  44.6945   0.4543  0.0086 26.0000  0.0000    925760  0.9500
  0.00164    461.94     461.944           0           0           0  44.6945   0.4591  0.0000 26.0000  0.0000    936280  0.9500
  0.00156    461.88     461.884           0           0           0  44.6945   0.4398  0.0292 26.0000  0.0000    946800  0.9500
  0.00148    461.86      461.86           0           0           0  44.6945   0.4414  0.0080 25.9956  0.0000    957320  0.9500
  0.00141    461.85     461.849           0           0           0  44.6945   0.4337  0.0207 26.0000  0.0000    967840  0.9500
  0.00134    461.84     461.843           0           0           0  44.6945   0.4471  0.0000 25.8374  0.0000    978360  0.9500
  0.00127    461.84     461.841           0           0           0  44.6945   0.4480  0.0000 26.0000  0.0000    988880  0.9500
  0.00121    461.82     461.823           0           0           0  44.6945   0.4375  0.0200 26.0000  0.0000    999400  0.9500
  0.00115    461.82     461.817           0           0           0  44.6945   0.4281  0.0000 25.9338  0.0000   1009920  0.9500
  0.00109    461.82      461.82           0           0           0  44.6945   0.4434  0.0000 25.6261  0.0000   1020440  0.9500
  0.00103    461.81     461.813           0           0           0  44.6945   0.4451  0.0114 25.7143  0.0000   1030960  0.9500
  0.00098    461.81     461.808           0           0           0  44.6945   0.4305  0.0130 25.8443  0.0000   1041480  0.9500
  0.00093    461.79     461.787           0           0           0  44.6945   0.4350  0.0000 25.5991  0.0000   1052000  0.9500
  0.00000    461.74     461.742           0           0           0            0.1755  0.0537 25.4707  0.0000   1062520
 17.10486    742.84     742.836           0           0           0  44.6945   0.9957  1.9562 26.0000  0.0000     10520  0.5000
  8.55243    736.41      736.41           0           0           0  44.6945   0.9953  2.7315 26.0000  0.0000     21040  0.5000
  4.27622    737.54     737.536           0           0           0  44.6945   0.9934  2.1858 26.0000  0.0000     31560  0.5000
  2.13811    737.44     737.435           0           0           0  44.6945   0.9880  1.7513 26.0000  0.0000     42080  0.5000
  1.06905    729.56     729.561           0           0           0  44.6945   0.9823  4.4696 26.0000  0.0000     52600  0.5000
  0.53453     711.9     711.899           0           0           0  44.6945   0.9669  5.1814 26.0000  0.0000     63120  0.5000
  0.26726    688.16      688.16           0           0           0  44.6945   0.9420  8.2562 26.0000  0.0000     73640  0.9000
  0.24054    665.47     665.471           0           0           0  44.6945   0.9328  6.8553 26.0000  0.0000     84160  0.9000
  0.21648    653.18     653.176           0           0           0  44.6945   0.9262  2.4760 26.0000  0.0000     94680  0.9000
  0.19484    642.17     642.173           0           0           0  44.6945   0.9222  4.7649 26.0000  0.0000    105200  0.9000
  0.17535    631.63     631.627           0           0           0  44.6945   0.9138  2.3683 26.0000  0.0000    115720  0.9000
  0.15782    621.01     621.014           0           0           0  44.6945   0.9075  3.1699 26.0000  0.0000    126240  0.9000
  0.14203    608.81     608.805           0           0           0  44.6945   0.8973  3.6760 26.0000  0.0000    136760  0.9000
  0.12783    601.04     601.038           0           0           0  44.6945   0.8943  2.8023 26.0000  0.0000    147280  0.9000
  0.11505    589.81      589.81           0           0           0  44.6945   0.8814  2.0877 26.0000  0.0000    157800  0.9000
  0.10354    584.58     584.582           0           0           0  44.6945   0.8720  1.1893 26.0000  0.0000    168320  0.9000
  0.09319    581.67     581.674           0           0           0  44.6945   0.8617  1.9069 26.0000  0.0000    178840  0.9000
  0.08387    574.78     574.785           0           0           0  44.6945   0.8502  1.9767 26.0000  0.0000    189360  0.9000
  0.07548    570.04     570.042           0           0           0  44.6945   0.8421  1.4707 26.0000  0.0000    199880  0.9000
  0.06793    564.21      564.21           0           0           0  44.6945   0.8242  1.8301 26.0000  0.0000    210400  0.9000
  0.06114    560.76     560.761           0           0           0  44.6945   0.8161  1.7529 26.0000  0.0000    220920  0.9000
  0.05503    555.44     555.441           0           0           0  44.6945   0.7907  1.1152 26.0000  0.0000    231440  0.9500
  0.05228    552.33     552.333           0           0           0  44.6945   0.7889  1.0690 26.0000  0.0000    241960  0.9500
  0.04966    548.99     548.994           0           0           0  44.6945   0.7907  1.0743 26.0000  0.0000    252480  0.9500
  0.04718    546.65     546.651           0           0           0  44.6945   0.7836  1.2297 26.0000  0.0000    263000  0.9500
  0.04482    542.59     542.585           0           0           0  44.6945   0.7681  1.4511 26.0000  0.0000    273520  0.9500
  0.04258    539.27     539.271           0           0           0  44.6945   0.7592  0.9914 26.0000  0.0000    284040  0.9500
  0.04045       535     535.004           0           0           0  44.6945   0.7587  1.0485 26.0000  0.0000    294560  0.9500
  0.03843    531.11     531.112           0           0           0  44.6945   0.7411  0.9899 26.0000  0.0000    305080  0.9500
  0.03651    528.62     528.621           0           0           0  44.6945   0.7424  0.7576 26.0000  0.0000    315600  0.9500
  0.03468    525.85     525.853           0           0           0  44.6945   0.7294  1.1228 26.0000  0.0000    326120  0.9500
  0.03295    523.56     523.559           0           0           0  44.6945   0.7214  0.4873 26.0000  0.0000    336640  0.9500
  0.03130    521.34     521.336           0           0           0  44.6945   0.7122  0.5249 26.0000  0.0000    347160  0.9500
  0.02973    520.39     520.387           0           0           0  44.6945   0.7070  0.4331 26.0000  0.0000    357680  0.9500
  0.02825    517.71     517.712           0           0           0  44.6945   0.7113  0.8607 26.0000  0.0000    368200  0.9500
  0.02684    515.72     515.723           0           0           0  44.6945   0.7014  0.6059 26.0000  0.0000    378720  0.9500
  0.02549    513.56     513.563           0           0           0  44.6945   0.7016  1.0979 26.0000  0.0000    389240  0.9500
  0.02422    510.58     510.578           0           0           0  44.6945   0.6898  1.0364 26.0000  0.0000    399760  0.9500
  0.02301    507.78     507.784           0           0           0  44.6945   0.6789  0.5403 26.0000  0.0000    410280  0.9500
  0.02186    505.65     505.648           0           0           0  44.6945   0.6711  0.7786 26.0000  0.0000    420800  0.9500
  0.02076    503.63      503.63           0           0           0  44.6945   0.6688  0.8410 26.0000  0.0000    431320  0.9500
  0.01973    501.38     501.383           0           0           0  44.6945   0.6574  0.3553 26.0000  0.0000    441840  0.9500
  0.01874    499.58     499.577           0           0           0  44.6945   0.6528  0.7162 26.0000  0.0000    452360  0.9500
  0.01780    497.75     497.745           0           0           0  44.6945   0.6405  0.4485 26.0000  0.0000    462880  0.9500
  0.01691    496.43     496.434           0           0           0  44.6945   0.6328  0.3929 26.0000  0.0000    473400  0.9500
  0.01607    494.78     494.783           0           0           0  44.6945   0.6223  0.5897 26.0000  0.0000    483920  0.9500
  0.01526    493.13     493.132           0           0           0  44.6945   0.6109  0.2530 26.0000  0.0000    494440  0.9500
  0.01450     492.5     492.503           0           0           0  44.6945   0.6087  0.2806 26.0000  0.0000    504960  0.9500
  0.01378    491.16     491.158           0           0           0  44.6945   0.5966  0.3063 26.0000  0.0000    515480  0.9500
  0.01309    489.79      489.79           0           0           0  44.6945   0.5856  0.6273 26.0000  0.0000    526000  0.9500
  0.01243    488.84     488.837           0           0           0  44.6945   0.5851  0.1680 26.0000  0.0000    536520  0.9500
  0.01181    488.51     488.511           0           0           0  44.6945   0.5902  0.4162 26.0000  0.0000    547040  0.9500
  0.01122    487.45      487.45           0           0           0  44.6945   0.5835  0.3229 26.0000  0.0000    557560  0.9500
  0.01066    486.68     486.682           0           0           0  44.6945   0.5657  0.1341 26.0000  0.0000    568080  0.9500
  0.01013     485.6     485.602           0           0           0  44.6945   0.5540  0.3158 26.0000  0.0000    578600  0.9500
  0.00962    484.81     484.806           0           0           0  44.6945   0.5481  0.1798 26.0000  0.0000    589120  0.9500
  0.00914    484.37     484.372           0           0           0  44.6945   0.5310  0.1459 26.0000  0.0000    599640  0.9500
  0.00868    483.69     483.687           0           0           0  44.6945   0.5352  0.2129 26.0000  0.0000    610160  0.9500
  0.00825    483.15     483.146           0           0           0  44.6945   0.5295  0.2341 26.0000  0.0000    620680  0.9500
  0.00784    482.21     482.209           0           0           0  44.6945   0.5193  0.3176 26.0000  0.0000    631200  0.9500
  0.00744     481.6     481.597           0           0           0  44.6945   0.5103  0.2095 26.0000  0.0000    641720  0.9500
  0.00707    480.91     480.907           0           0           0  44.6945   0.4981  0.1507 26.0000  0.0000    652240  0.9500
  0.00672    480.46     480.461           0           0           0  44.6945   0.4907  0.1228 26.0000  0.0000    662760  0.9500
  0.00638    480.24     480.241           0           0           0  44.6945   0.5017  0.0768 26.0000  0.0000    673280  0.9500
  0.00606    479.76     479.765           0           0           0  44.6945   0.4870  0.3146 26.0000  0.0000    683800  0.9500
  0.00576    478.79     478.789           0           0           0  44.6945   0.4671  0.1642 26.0000  0.0000    694320  0.9500
  0.00547    478.16     478.165           0           0           0  44.6945   0.4652  0.2014 26.0000  0.0000    704840  0.9500
  0.00520     477.6     477.603           0           0           0  44.6945   0.4631  0.1583 26.0000  0.0000    715360  0.9500
  0.00494    477.28     477.276           0           0           0  44.6945   0.4477  0.0708 26.0000  0.0000    725880  0.9500
  0.00469    477.12     477.118           0           0           0  44.6945   0.4567  0.0900 26.0000  0.0000    736400  0.9500
  0.00446    476.96     476.964           0           0           0  44.6945   0.4441  0.0664 26.0000  0.0000    746920  0.9500
  0.00423    476.75     476.751           0           0           0  44.6945   0.4303  0.0827 26.0000  0.0000    757440  0.9500
  0.00402    476.67     476.674           0           0           0  44.6945   0.4286  0.0473 25.7484  0.0000    767960  0.9500
  0.00382    476.62     476.623           0           0           0  44.6945   0.4223  0.0808 25.4552  0.0000    778480  0.9500
  0.00363    476.53      476.53           0           0           0  44.6945   0.4206  0.1342 25.0056  0.0000    789000  0.9500
  0.00345    476.25     476.247           0           0           0  44.6945   0.4149  0.0423 24.5212  0.0000    799520  0.9500
  0.00328    476.11     476.109           0           0           0  44.6945   0.3990  0.0459 23.9063  0.0000    810040  0.9500
  0.00311    476.08     476.078           0           0           0  44.6945   0.3993  0.0267 22.9273  0.0000    820560  0.9500
  0.00296    476.02     476.023           0           0           0  44.6945   0.4073  0.0521 21.9950  0.0000    831080  0.9500
  0.00281    475.87     475.866           0           0           0  44.6945   0.3964  0.0322 21.2762  0.0000    841600  0.9500
  0.00267    475.83     475.835           0           0           0  44.6945   0.3944  0.0184 20.3483  0.0000    852120  0.9500
  0.00254     475.8     475.796           0           0           0  44.6945   0.3838  0.0343 19.4202  0.0000    862640  0.9500
  0.00241    475.76     475.758           0           0           0  44.6945   0.3931  0.0349 18.3296  0.0000    873160  0.9500
  0.00229     475.7     475.695           0           0           0  44.6945   0.3909  0.0264 17.4692  0.0000    883680  0.9500
  0.00217    475.67     475.671           0           0           0  44.6945   0.4023  0.0047 16.6110  0.0000    894200  0.9500
  0.00206    475.64     475.637           0           0           0  44.6945   0.3931  0.0080 15.9845  0.0000    904720  0.9500
  0.00196    475.65     475.651           0           0           0  44.6945   0.3805  0.0135 15.2342  0.0000    915240  0.9500
  0.00186    475.63     475.626           0           0           0  44.6945   0.3947  0.0132 14.3279  0.0000    925760  0.9500
  0.00177    475.57      475.57           0           0           0  44.6945   0.3784  0.0262 13.6786  0.0000    936280  0.9500
  0.00168    475.53     475.529           0           0           0  44.6945   0.3857  0.0258 12.8363  0.0000    946800  0.9500
  0.00160    475.42     475.424           0           0           0  44.6945   0.3770  0.0607 12.1398  0.0000    957320  0.9500
  0.00152    475.29     475.289           0           0           0  44.6945   0.3876  0.0085 11.3749  0.0000    967840  0.9500
  0.00144    475.18     475.184           0           0           0  44.6945   0.3771  0.0276 10.7794  0.0000    978360  0.9500
  0.00137    475.14      475.14           0           0           0  44.6945   0.3790  0.0104 10.1012  0.0000    988880  0.9500
  0.00130    475.12     475.119           0           0           0  44.6945   0.3853  0.0247  9.4850  0.0000    999400  0.9500
  0.00124     475.1     475.097           0           0           0  44.6945   0.3777  0.0000  8.9658  0.0000   1009920  0.9500
  0.00117    475.09     475.094           0           0           0  44.6945   0.3824  0.0000  8.4069  0.0000   1020440  0.9500
  0.00112    475.08     475.084           0           0           0  44.6945   0.3810  0.0000  7.9228  0.0000   1030960  0.9500
  0.00106    475.09      475.09           0           0           0  44.6945   0.3819  0.0096  7.4553  0.0000   1041480  0.9500
  0.00101    475.09     475.087           0           0           0  44.6945   0.3780  0.0072  7.0224  0.0000   1052000  0.9500
  0.00096    475.06     475.055           0           0           0  44.6945   0.3727  0.0000  6.5873  0.0000   1062520  0.9500
  0.00000    475.02     475.022           0           0           0            0.1325  0.0646  6.1441  0.0000   1073040
 30.30017    727.47     727.473           0           0           0  44.6945   0.9939  2.1078 26.0000  0.0000     10520  0.5000
 15.15009    730.63     730.634           0           0           0  44.6945   0.9958  3.0488 26.0000  0.0000     21040  0.5000
  7.57504    731.45     731.453           0           0           0  44.6945   0.9937  3.7359 26.0000  0.0000     31560  0.5000
  3.78752    728.61     728.614           0           0           0  44.6945   0.9917  2.8442 26.0000  0.0000     42080  0.5000
  1.89376    728.17     728.173           0           0           0  44.6945   0.9887  2.6810 26.0000  0.0000     52600  0.5000
  0.94688    717.02     717.022           0           0           0  44.6945   0.9817  4.6175 26.0000  0.0000     63120  0.5000
  0.47344    706.19     706.187           0           0           0  44.6945   0.9656  4.9223 26.0000  0.0000     73640  0.5000
  0.23672    687.66     687.655           0           0           0  44.6945   0.9378  6.5429 26.0000  0.0000     84160  0.9000
  0.21305    666.99     666.992           0           0           0  44.6945   0.9317  5.6765 26.0000  0.0000     94680  0.9000
  0.19174    649.68     649.677           0           0           0  44.6945   0.9267  6.2019 26.0000  0.0000    105200  0.9000
  0.17257    628.23     628.232           0           0           0  44.6945   0.9200  5.1372 26.0000  0.0000    115720  0.9000
  0.15531    613.78     613.782           0           0           0  44.6945   0.9006  4.3376 26.0000  0.0000    126240  0.9000
  0.13978    604.04     604.041           0           0           0  44.6945   0.9015  1.9079 26.0000  0.0000    136760  0.9000
  0.12580    594.77     594.773           0           0           0  44.6945   0.8939  2.6403 26.0000  0.0000    147280  0.9000
  0.11322    585.68     585.675           0           0           0  44.6945   0.8829  2.6253 26.0000  0.0000    157800  0.9000
  0.10190     579.5     579.498           0           0           0  44.6945   0.8778  2.7194 26.0000  0.0000    168320  0.9000
  0.09171    570.94     570.945           0           0           0  44.6945   0.8654  1.5064 26.0000  0.0000    178840  0.9000
  0.08254    566.39     566.387           0           0           0  44.6945   0.8474  2.1074 26.0000  0.0000    189360  0.9000
  0.07429    560.99     560.989           0           0           0  44.6945   0.8422  1.1662 26.0000  0.0000    199880  0.9000
  0.06686    553.53     553.535           0           0           0  44.6945   0.8263  2.8107 26.0000  0.0000    210400  0.9000
  0.06017    546.85     546.853           0           0           0  44.6945   0.8137  0.9383 26.0000  0.0000    220920  0.9000
  0.05415    541.34     541.345           0           0           0  44.6945   0.8135  1.6524 26.0000  0.0000    231440  0.9000
  0.04874    536.04     536.035           0           0           0  44.6945   0.7939  1.5550 26.0000  0.0000    241960  0.9500
  0.04630    532.69     532.689           0           0           0  44.6945   0.7839  1.2314 26.0000  0.0000    252480  0.9500
  0.04399    528.95      528.95           0           0           0  44.6945   0.7654  0.9102 26.0000  0.0000    263000  0.9500
  0.04179    527.15     527.151           0           0           0  44.6945   0.7707  0.9612 26.0000  0.0000    273520  0.9500
  0.03970    524.36     524.361           0           0           0  44.6945   0.7722  0.6827 26.0000  0.0000    284040  0.9500
  0.03771    521.59     521.589           0           0           0  44.6945   0.7547  0.5194 26.0000  0.0000    294560  0.9500
  0.03583     518.8     518.804           0           0           0  44.6945   0.7541  1.7778 26.0000  0.0000    305080  0.9500
  0.03404    515.36     515.361           0           0           0  44.6945   0.7471  0.8089 26.0000  0.0000    315600  0.9500
  0.03233    512.43     512.429           0           0           0  44.6945   0.7314  0.9711 26.0000  0.0000    326120  0.9500
  0.03072     509.3     509.296           0           0           0  44.6945   0.7290  0.9102 26.0000  0.0000    336640  0.9500
  0.02918    506.74     506.737           0           0           0  44.6945   0.7231  0.6416 26.0000  0.0000    347160  0.9500
  0.02772    504.35     504.355           0           0           0  44.6945   0.7240  0.7766 26.0000  0.0000    357680  0.9500
  0.02634    502.37     502.374           0           0           0  44.6945   0.7067  0.7981 26.0000  0.0000    368200  0.9500
  0.02502    500.19      500.19           0           0           0  44.6945   0.7014  0.6098 26.0000  0.0000    378720  0.9500
  0.02377    498.55     498.555           0           0           0  44.6945   0.7007  0.7608 26.0000  0.0000    389240  0.9500
  0.02258    495.85      495.85           0           0           0  44.6945   0.6884  0.8083 26.0000  0.0000    399760  0.9500
  0.02145    493.24     493.239           0           0           0  44.6945   0.6797  0.4871 26.0000  0.0000    410280  0.9500
  0.02038    491.29     491.294           0           0           0  44.6945   0.6740  0.8169 26.0000  0.0000    420800  0.9500
  0.01936    489.67     489.671           0           0           0  44.6945   0.6712  0.6496 26.0000  0.0000    431320  0.9500
  0.01839    487.36     487.356           0           0           0  44.6945   0.6529  0.6784 26.0000  0.0000    441840  0.9500
  0.01747    485.31     485.307           0           0           0  44.6945   0.6510  0.6582 26.0000  0.0000    452360  0.9500
  0.01660    483.47     483.475           0           0           0  44.6945   0.6431  0.5459 26.0000  0.0000    462880  0.9500
  0.01577    482.21     482.208           0           0           0  44.6945   0.6385  0.2445 26.0000  0.0000    473400  0.9500
  0.01498    480.97     480.971           0           0           0  44.6945   0.6329  0.5851 26.0000  0.0000    483920  0.9500
  0.01423    478.88     478.883           0           0           0  44.6945   0.6260  0.4698 26.0000  0.0000    494440  0.9500
  0.01352    477.55     477.549           0           0           0  44.6945   0.6071  0.3780 26.0000  0.0000    504960  0.9500
  0.01284    476.08     476.082           0           0           0  44.6945   0.6143  0.3662 26.0000  0.0000    515480  0.9500
  0.01220     475.3     475.304           0           0           0  44.6945   0.6050  0.1363 26.0000  0.0000    526000  0.9500
  0.01159    473.96     473.965           0           0           0  44.6945   0.5941  0.5620 26.0000  0.0000    536520  0.9500
  0.01101    472.48     472.483           0           0           0  44.6945   0.5894  0.1627 26.0000  0.0000    547040  0.9500
  0.01046    471.82     471.817           0           0           0  44.6945   0.5959  0.1670 26.0000  0.0000    557560  0.9500
  0.00994    471.24     471.245           0           0           0  44.6945   0.5793  0.3958 26.0000  0.0000    568080  0.9500
  0.00944    470.15     470.148           0           0           0  44.6945   0.5734  0.1882 26.0000  0.0000    578600  0.9500
  0.00897    470.04     470.037           0           0           0  44.6945   0.5744  0.1959 26.0000  0.0000    589120  0.9500
  0.00852    468.82     468.819           0           0           0  44.6945   0.5635  0.3265 26.0000  0.0000    599640  0.9500
  0.00809    468.02     468.025           0           0           0  44.6945   0.5490  0.2389 26.0000  0.0000    610160  0.9500
  0.00769    467.49     467.495           0           0           0  44.6945   0.5355  0.2507 26.0000  0.0000    620680  0.9500
  0.00731    466.85     466.846           0           0           0  44.6945   0.5310  0.1947 26.0000  0.0000    631200  0.9500
  0.00694    466.45     466.449           0           0           0  44.6945   0.5272  0.0628 26.0000  0.0000    641720  0.9500
  0.00659    466.38     466.378           0           0           0  44.6945   0.5257  0.0750 26.0000  0.0000    652240  0.9500
  0.00626    465.94     465.942           0           0           0  44.6945   0.5148  0.1650 26.0000  0.0000    662760  0.9500
  0.00595    465.63     465.631           0           0           0  44.6945   0.5136  0.1542 26.0000  0.0000    673280  0.9500
  0.00565    465.12     465.119           0           0           0  44.6945   0.5020  0.1434 26.0000  0.0000    683800  0.9500
  0.00537    464.61     464.605           0           0           0  44.6945   0.4976  0.0986 26.0000  0.0000    694320  0.9500
  0.00510    464.32     464.319           0           0           0  44.6945   0.4877  0.0522 26.0000  0.0000    704840  0.9500
  0.00485    463.91     463.907           0           0           0  44.6945   0.4724  0.1569 26.0000  0.0000    715360  0.9500
  0.00460    463.54      463.54           0           0           0  44.6945   0.4723  0.0814 26.0000  0.0000    725880  0.9500
  0.00437    463.46     463.456           0           0           0  44.6945   0.4659  0.0526 26.0000  0.0000    736400  0.9500
  0.00416    463.21     463.215           0           0           0  44.6945   0.4680  0.1175 26.0000  0.0000    746920  0.9500
  0.00395    463.03     463.026           0           0           0  44.6945   0.4622  0.0446 26.0000  0.0000    757440  0.9500
  0.00375    462.89     462.891           0           0           0  44.6945   0.4625  0.1172 26.0000  0.0000    767960  0.9500
  0.00356    462.65     462.653           0           0           0  44.6945   0.4606  0.0158 26.0000  0.0000    778480  0.9500
  0.00338    462.62     462.623           0           0           0  44.6945   0.4549  0.0451 26.0000  0.0000    789000  0.9500
  0.00322    462.46     462.458           0           0           0  44.6945   0.4493  0.0717 26.0000  0.0000    799520  0.9500
  0.00305    462.36     462.364           0           0           0  44.6945   0.4451  0.0000 26.0000  0.0000    810040  0.9500
  0.00290     462.3     462.298           0           0           0  44.6945   0.4381  0.0615 26.0000  0.0000    820560  0.9500
  0.00276    462.21     462.211           0           0           0  44.6945   0.4288  0.0430 25.9511  0.0000    831080  0.9500
  0.00262     462.1     462.099           0           0           0  44.6945   0.4274  0.0096 25.6605  0.0000    841600  0.9500
  0.00249    462.01     462.007           0           0           0  44.6945   0.4300  0.0078 25.3365  0.0000    852120  0.9500
  0.00236    461.91     461.905           0           0           0  44.6945   0.4240  0.0315 25.0841  0.0000    862640  0.9500
  0.00225    461.87     461.869           0           0           0  44.6945   0.4310  0.0252 24.6817  0.0000    873160  0.9500
  0.00213    461.87     461.868           0           0           0  44.6945   0.4295  0.0000 24.4592  0.0000    883680  0.9500
  0.00203    461.86     461.861           0           0           0  44.6945   0.4330  0.0111 24.2016  0.0000    894200  0.9500
  0.00193    461.81     461.812           0           0           0  44.6945   0.4201  0.0270 24.0318  0.0000    904720  0.9500
  0.00183     461.8     461.799           0           0           0  44.6945   0.4285  0.0000 23.5526  0.0000    915240  0.9500
  0.00174    461.73     461.732           0           0           0  44.6945   0.4277  0.0228 23.2821  0.0000    925760  0.9500
  0.00165     461.7     461.695           0           0           0  44.6945   0.4129  0.0160 22.9949  0.0000    936280  0.9500
  0.00157    461.69      461.69           0           0           0  44.6945   0.4137  0.0233 22.3723  0.0000    946800  0.9500
  0.00149    461.67     461.665           0           0           0  44.6945   0.4141  0.0168 21.7837  0.0000    957320  0.9500
  0.00142    461.63     461.628           0           0           0  44.6945   0.4101  0.0172 21.2188  0.0000    967840  0.9500
  0.00134    461.63     461.632           0           0           0  44.6945   0.4202  0.0000 20.5838  0.0000    978360  0.9500
  0.00128    461.58     461.576           0           0           0  44.6945   0.4156  0.0181 20.1773  0.0000    988880  0.9500
  0.00121    461.51     461.512           0           0           0  44.6945   0.4084  0.0000 19.6847  0.0000    999400  0.9500
  0.00115     461.5     461.503           0           0           0  44.6945   0.4052  0.0000 19.0620  0.0000   1009920  0.9500
  0.00110    461.49     461.489           0           0           0  44.6945   0.4146  0.0268 18.3992  0.0000   1020440  0.9500
  0.00104    461.44     461.441           0           0           0  44.6945   0.4094  0.0477 17.9325  0.0000   1030960  0.9500
  0.00099    461.31     461.312           0           0           0  44.6945   0.4083  0.0000 17.3840  0.0000   1041480  0.9500
  0.00094    461.31     461.307           0           0           0  44.6945   0.4161  0.0000 16.8324  0.0000   1052000  0.9500
  0.00000    461.29     461.289           0           0           0            0.1668  0.0000 16.4295  0.0000   1062520
