 38.27184    109.09     109.092           0           0           0  34.0656   0.9985  4.0605 15.0000  0.0000      1998  0.5000
 19.13592    104.84     104.844           0           0           0  34.0656   0.9940  4.1055 15.0000  0.0000      3996  0.5000
  9.56796    106.75     106.751           0           0           0  34.0656   0.9945  4.2501 15.0000  0.0000      5994  0.5000
  4.78398    104.23     104.231           0           0           0  34.0656   0.9805  2.5744 15.0000  0.0000      7992  0.5000
  2.39199     102.2     102.204           0           0           0  34.0656   0.9725  3.3113 15.0000  0.0000      9990  0.5000
  1.19599    98.471     98.4709           0           0           0  34.0656   0.9449  2.9744 15.0000  0.0000     11988  0.9000
  1.07640    98.335     98.3351           0           0           0  34.0656   0.9399  3.2502 15.0000  0.0000     13986  0.9000
  0.96876    94.205     94.2046           0           0           0  34.0656   0.9214  1.9134 15.0000  0.0000     15984  0.9000
  0.87188    89.764     89.7642           0           0           0  34.0656   0.9164  2.2630 15.0000  0.0000     17982  0.9000
  0.78469    93.552     93.5516           0           0           0  34.0656   0.9119  2.4484 15.0000  0.0000     19980  0.9000
  0.70622    91.209     91.2094           0           0           0  34.0656   0.9029  1.8380 15.0000  0.0000     21978  0.9000
  0.63560    91.215     91.2149           0           0           0  34.0656   0.8929  2.7452 15.0000  0.0000     23976  0.9000
  0.57204    87.515      87.515           0           0           0  34.0656   0.8924  1.7361 15.0000  0.0000     25974  0.9000
  0.51484    88.618     88.6182           0           0           0  34.0656   0.8864  1.1281 15.0000  0.0000     27972  0.9000
  0.46335    85.268     85.2678           0           0           0  34.0656   0.8789  1.7712 15.0000  0.0000     29970  0.9000
  0.41702    87.019     87.0185           0           0           0  34.0656   0.8679  2.2665 15.0000  0.0000     31968  0.9000
  0.37532    85.979     85.9788           0           0           0  34.0656   0.8539  1.6733 15.0000  0.0000     33966  0.9000
  0.33778    83.311     83.3108           0           0           0  34.0656   0.8554  1.7861 15.0000  0.0000     35964  0.9000
  0.30401    79.439     79.4394           0           0           0  34.0656   0.8323  0.7715 15.0000  0.0000     37962  0.9000
  0.27361    79.416     79.4156           0           0           0  34.0656   0.8278  1.2139 15.0000  0.0000     39960  0.9000
  0.24624     80.13     80.1305           0           0           0  34.0656   0.8183  1.2292 15.0000  0.0000     41958  0.9000
  0.22162    77.924     77.9243           0           0           0  34.0656   0.8248  1.1680 15.0000  0.0000     43956  0.9000
  0.19946     77.57     77.5697           0           0           0  34.0656   0.7938  0.7023 15.0000  0.0000     45954  0.9500
  0.18949    75.422     75.4225           0           0           0  34.0656   0.8038  0.6785 15.0000  0.0000     47952  0.9000
  0.17054    73.635     73.6352           0           0           0  34.0656   0.7728  0.5562 15.0000  0.0000     49950  0.9500
  0.16201    72.401     72.4011           0           0           0  34.0656   0.7668  0.6840 15.0000  0.0000     51948  0.9500
  0.15391    72.634     72.6338           0           0           0  34.0656   0.7472  0.5517 15.0000  0.0000     53946  0.9500
  0.14621    73.579     73.5787           0           0           0  34.0656   0.7568  0.5167 15.0000  0.0000     55944  0.9500
  0.13890    73.064     73.0637           0           0           0  34.0656   0.7518  0.4899 15.0000  0.0000     57942  0.9500
  0.13196    71.308     71.3084           0           0           0  34.0656   0.7387  0.7060 15.0000  0.0000     59940  0.9500
  0.12536    71.089      71.089           0           0           0  34.0656   0.7292  0.5844 15.0000  0.0000     61938  0.9500
  0.11909    71.474     71.4741           0           0           0  34.0656   0.7342  0.7564 15.0000  0.0000     63936  0.9500
  0.11314    69.916      69.916           0           0           0  34.0656   0.7222  0.5856 15.0000  0.0000     65934  0.9500
  0.10748    70.852      70.852           0           0           0  34.0656   0.7047  0.4418 15.0000  0.0000     67932  0.9500
  0.10211     70.18     70.1799           0           0           0  34.0656   0.7117  0.6155 15.0000  0.0000     69930  0.9500
  0.09700    69.729     69.7286           0           0           0  34.0656   0.6787  0.3980 15.0000  0.0000     71928  0.9500
  0.09215    69.122     69.1217           0           0           0  34.0656   0.6777  0.4848 15.0000  0.0000     73926  0.9500
  0.08754    68.594     68.5936           0           0           0  34.0656   0.6592  0.2975 15.0000  0.0000     75924  0.9500
  0.08317    68.811     68.8108           0           0           0  34.0656   0.6496  0.4912 15.0000  0.0000     77922  0.9500
  0.07901    68.256     68.2562           0           0           0  34.0656   0.6592  0.4798 15.0000  0.0000     79920  0.9500
  0.07506    67.852     67.8522           0           0           0  34.0656   0.6466  0.3286 15.0000  0.0000     81918  0.9500
  0.07130    67.489     67.4892           0           0           0  34.0656   0.6361  0.4326 15.0000  0.0000     83916  0.9500
  0.06774    67.041     67.0407           0           0           0  34.0656   0.6376  0.4340 15.0000  0.0000     85914  0.9500
  0.06435    66.542     66.5422           0           0           0  34.0656   0.6036  0.3977 15.0000  0.0000     87912  0.9500
  0.06114    66.089     66.0894           0           0           0  34.0656   0.5836  0.2251 15.0000  0.0000     89910  0.9500
  0.05808     66.25     66.2502           0           0           0  34.0656   0.5666  0.3148 15.0000  0.0000     91908  0.9500
  0.05517    65.696     65.6964           0           0           0  34.0656   0.5470  0.2357 15.0000  0.0000     93906  0.9500
  0.05242    65.523     65.5227           0           0           0  34.0656   0.5546  0.6380 15.0000  0.0000     95904  0.9500
  0.04979    65.009      65.009           0           0           0  34.0656   0.5475  0.3424 15.0000  0.0000     97902  0.9500
  0.04731    64.691     64.6913           0           0           0  34.0656   0.5130  0.3348 15.0000  0.0000     99900  0.9500
  0.04494    64.126     64.1262           0           0           0  34.0656   0.4995  0.2300 15.0000  0.0000    101898  0.9500
  0.04269    63.802     63.8022           0           0           0  34.0656   0.4785  0.3156 15.0000  0.0000    103896  0.9500
  0.04056    64.162     64.1617           0           0           0  34.0656   0.4575  0.2551 15.0000  0.0000    105894  0.9500
  0.03853    64.026     64.0263           0           0           0  34.0656   0.4670  0.2803 15.0000  0.0000    107892  0.9500
  0.03660    64.082     64.0821           0           0           0  34.0656   0.4670  0.2439 15.0000  0.0000    109890  0.9500
  0.03477    63.522     63.5218           0           0           0  34.0656   0.4414  0.2573 15.0000  0.0000    111888  0.9500
  0.03303     62.83     62.8303           0           0           0  34.0656   0.4229  0.3131 15.0000  0.0000    113886  0.9500
  0.03138    62.597     62.5966           0           0           0  34.0656   0.4439  0.1594 14.7438  0.0000    115884  0.9500
  0.02981    62.658     62.6579           0           0           0  34.0656   0.4650  0.2404 14.8020  0.0000    117882  0.9500
  0.02832    62.534     62.5344           0           0           0  34.0656   0.3909  0.2318 15.0000  0.0000    119880  0.9500
  0.02691     62.13     62.1298           0           0           0  34.0656   0.4214  0.1999 14.2634  0.0000    121878  0.9500
  0.02556    61.739     61.7389           0           0           0  34.0656   0.3944  0.2626 13.9984  0.0000    123876  0.9500
  0.02428    61.484     61.4842           0           0           0  34.0656   0.4199  0.2356 13.3600  0.0000    125874  0.9500
  0.02307    60.777     60.7771           0           0           0  34.0656   0.3649  0.2298 13.0917  0.0000    127872  0.9500
  0.02192    60.101     60.1007           0           0           0  34.0656   0.3699  0.1325 12.1081  0.0000    129870  0.9500
  0.02082     60.04     60.0398           0           0           0  34.0656   0.3784  0.1453 11.2589  0.0000    131868  0.9500
  0.01978    59.882     59.8818           0           0           0  34.0656   0.4029  0.1383 10.5651  0.0000    133866  0.9500
  0.01879    59.363     59.3629           0           0           0  34.0656   0.3639  0.4755 10.1732  0.0000    135864  0.9500
  0.01785    58.754     58.7539           0           0           0  34.0656   0.3879  0.1489  9.3986  0.0000    137862  0.9500
  0.01696    58.591     58.5912           0           0           0  34.0656   0.3774  0.1097  8.9089  0.0000    139860  0.9500
  0.01611    58.805     58.8051           0           0           0  34.0656   0.3824  0.0843  8.3510  0.0000    141858  0.9500
  0.01530    58.671      58.671           0           0           0  34.0656   0.3864  0.2383  7.8698  0.0000    143856  0.9500
  0.01454    58.656     58.6563           0           0           0  34.0656   0.3989  0.0740  7.4479  0.0000    145854  0.9500
  0.01381    58.626     58.6264           0           0           0  34.0656   0.4039  0.1227  7.1418  0.0000    147852  0.9500
  0.01312    58.256     58.2561           0           0           0  34.0656   0.3989  0.0943  6.8840  0.0000    149850  0.9500
  0.01247    57.945      57.945           0           0           0  34.0656   0.3809  0.1689  6.6010  0.0000    151848  0.9500
  0.01184    57.576     57.5759           0           0           0  34.0656   0.3559  0.0848  6.2108  0.0000    153846  0.9500
  0.01125    57.511     57.5108           0           0           0  34.0656   0.3954  0.0781  5.6882  0.0000    155844  0.9500
  0.01069    57.441     57.4409           0           0           0  34.0656   0.3879  0.0685  5.4345  0.0000    157842  0.9500
  0.01015    57.217     57.2173           0           0           0  34.0656   0.3609  0.0840  5.1513  0.0000    159840  0.9500
  0.00965      57.1        57.1           0           0           0  34.0656   0.3804  0.1470  4.7436  0.0000    161838  0.9500
  0.00916    56.732     56.7321           0           0           0  34.0656   0.3834  0.0923  4.4608  0.0000    163836  0.9500
  0.00871    56.706     56.7062           0           0           0  34.0656   0.3594  0.0464  4.2082  0.0000    165834  0.9500
  0.00827    56.562     56.5621           0           0           0  34.0656   0.3739  0.0592  3.8689  0.0000    167832  0.9500
  0.00786    56.609     56.6091           0           0           0  34.0656   0.3809  0.0567  3.6130  0.0000    169830  0.9500
  0.00746    56.395     56.3953           0           0           0  34.0656   0.3779  0.1343  3.3994  0.0000    171828  0.9500
  0.00709    56.135     56.1353           0           0           0  34.0656   0.3629  0.0561  3.1883  0.0000    173826  0.9500
  0.00674    55.912     55.9117           0           0           0  34.0656   0.3959  0.0832  2.9423  0.0000    175824  0.9500
  0.00640    55.782     55.7822           0           0           0  34.0656   0.3874  0.0474  2.8126  0.0000    177822  0.9500
  0.00608    55.716     55.7161           0           0           0  34.0656   0.3819  0.0387  2.6646  0.0000    179820  0.9500
  0.00578    55.651     55.6506           0           0           0  34.0656   0.3794  0.0705  2.5097  0.0000    181818  0.9500
  0.00549    55.511     55.5108           0           0           0  34.0656   0.3624  0.0604  2.3576  0.0000    183816  0.9500
  0.00521    55.549      55.549           0           0           0  34.0656   0.3539  0.0262  2.1745  0.0000    185814  0.9500
  0.00495    55.549     55.5492           0           0           0  34.0656   0.4810  0.0498  1.9872  0.0000    187812  0.9500
  0.00470    55.448     55.4478           0           0           0  34.0656   0.3824  0.0859  2.0687  0.0000    189810  0.9500
  0.00447    55.263     55.2627           0           0           0  34.0656   0.4745  0.0291  1.9495  0.0000    191808  0.9500
  0.00425     55.23     55.2305           0           0           0  34.0656   0.3463  0.0286  2.0167  0.0000    193806  0.9500
  0.00403    55.251     55.2515           0           0           0  34.0656   0.4505  0.0233  1.8278  0.0000    195804  0.9500
  0.00383    55.185     55.1846           0           0           0  34.0656   0.4409  0.0229  1.8469  0.0000    197802  0.9500
  0.00364    55.117     55.1169           0           0           0  34.0656   0.4419  0.0593  1.8486  0.0000    199800  0.9500
  0.00346    55.054      55.054           0           0           0  34.0656   0.4319  0.0233  1.8522  0.0000    201798  0.9500
  0.00329    54.982     54.9817           0           0           0  34.0656   0.4224  0.0159  1.8373  0.0000    203796  0.9500
  0.00312    54.964      54.964           0           0           0  34.0656   0.4384  0.0149  1.8050  0.0000    205794  0.9500
  0.00296     54.96     54.9601           0           0           0  34.0656   0.4259  0.0211  1.8022  0.0000    207792  0.9500
  0.00282    54.927     54.9266           0           0           0  34.0656   0.4134  0.0147  1.7768  0.0000    209790  0.9500
  0.00268    54.899     54.8993           0           0           0  34.0656   0.4074  0.0118  1.7296  0.0000    211788  0.9500
  0.00254    54.882     54.8821           0           0           0  34.0656   0.4049  0.0150  1.6732  0.0000    213786  0.9500
  0.00241     54.84     54.8396           0           0           0  34.0656   0.3814  0.0183  1.6145  0.0000    215784  0.9500
  0.00229    54.815     54.8147           0           0           0  34.0656   0.4109  0.0126  1.5198  0.0000    217782  0.9500
  0.00218    54.852     54.8516           0           0           0  34.0656   0.4074  0.0106  1.4756  0.0000    219780  0.9500
  0.00207    54.858     54.8577           0           0           0  34.0656   0.4064  0.0034  1.4275  0.0000    221778  0.9500
  0.00197    54.854     54.8544           0           0           0  34.0656   0.4174  0.0027  1.3796  0.0000    223776  0.9500
  0.00187    54.825     54.8248           0           0           0  34.0656   0.3919  0.0189  1.3484  0.0000    225774  0.9500
  0.00178    54.804     54.8036           0           0           0  34.0656   0.3939  0.0054  1.2836  0.0000    227772  0.9500
  0.00169    54.813     54.8127           0           0           0  34.0656   0.3774  0.0062  1.2244  0.0000    229770  0.9500
  0.00160     54.81       54.81           0           0           0  34.0656   0.3999  0.0056  1.1477  0.0000    231768  0.9500
  0.00152    54.804     54.8041           0           0           0  34.0656   0.3824  0.0000  1.1017  0.0000    233766  0.9500
  0.00145    54.804     54.8042           0           0           0  34.0656   0.3959  0.0000  1.0382  0.0000    235764  0.9500
  0.00137    54.805     54.8055           0           0           0  34.0656   0.4114  0.0029  1.0000  0.0000    237762  0.9500
  0.00130    54.801     54.8006           0           0           0  34.0656   0.3974  0.0045  1.0000  0.0000    239760  0.9500
  0.00124    54.797      54.797           0           0           0  34.0656   0.4014  0.0000  1.0000  0.0000    241758  0.9500
  0.00118    54.796     54.7957           0           0           0  34.0656   0.4099  0.0021  1.0000  0.0000    243756  0.9500
  0.00112    54.785     54.7854           0           0           0  34.0656   0.3964  0.0039  1.0000  0.0000    245754  0.9500
  0.00106    54.784     54.7839           0           0           0  34.0656   0.3824  0.0024  1.0000  0.0000    247752  0.9500
  0.00101    54.784     54.7838           0           0           0  34.0656   0.3994  0.0000  1.0000  0.0000    249750  0.9500
  0.00096    54.784     54.7836           0           0           0  34.0656   0.3869  0.0022  1.0000  0.0000    251748  0.9500
  0.00091    54.783     54.7832           0           0           0  34.0656   0.4029  0.0026  1.0000  0.0000    253746  0.9500
  0.00087    54.784     54.7843           0           0           0  34.0656   0.4029  0.0000  1.0000  0.0000    255744  0.9500
  0.00082    54.783     54.7833           0           0           0  34.0656   0.3939  0.0038  1.0000  0.0000    257742  0.9500
  0.00078    54.785     54.7846           0           0           0  34.0656   0.3689  0.0000  1.0000  0.0000    259740  0.9500
  0.00074    54.784     54.7841           0           0           0  34.0656   0.3949  0.0000  1.0000  0.0000    261738  0.9500
  0.00071    54.783     54.7831           0           0           0  34.0656   0.3929  0.0000  1.0000  0.0000    263736  0.9500
  0.00067    54.783     54.7832           0           0           0  34.0656   0.3964  0.0053  1.0000  0.0000    265734  0.9500
  0.00064    54.784     54.7837           0           0           0  34.0656   0.4039  0.0012  1.0000  0.0000    267732  0.9500
  0.00060    54.783     54.7827           0           0           0  34.0656   0.3694  0.0080  1.0000  0.0000    269730  0.9500
  0.00057    54.783     54.7831           0           0           0  34.0656   0.3654  0.0026  1.0000  0.0000    271728  0.9500
  0.00055    54.784     54.7835           0           0           0  34.0656   0.3599  0.0000  1.0000  0.0000    273726  0.9500
  0.00052    54.783     54.7829           0           0           0  34.0656   0.3699  0.0037  1.0000  0.0000    275724  0.9500
  0.00049    54.783     54.7831           0           0           0  34.0656   0.3869  0.0055  1.0000  0.0000    277722  0.9500
  0.00047    54.783     54.7833           0           0           0  34.0656   0.3939  0.0000  1.0000  0.0000    279720  0.9500
  0.00044    54.783     54.7831           0           0           0  34.0656   0.3979  0.0000  1.0000  0.0000    281718  0.9500
  0.00042    54.783     54.7827           0           0           0  34.0656   0.4054  0.0000  1.0000  0.0000    283716  0.9500
  0.00040    54.783     54.7826           0           0           0  34.0656   0.3699  0.0000  1.0000  0.0000    285714  0.9500
  0.00000    54.783     54.7829           0           0           0            0.1937  0.0000  1.0000  0.0000    287712

