 57.87889    105.83     105.827           0           0           0  34.0656   0.9985  3.7483 15.0000  0.0000      1998  0.5000
 28.93944    108.96     108.963           0           0           0  34.0656   0.9980  3.6643 15.0000  0.0000      3996  0.5000
 14.46972    105.85     105.849           0           0           0  34.0656   0.9950  2.2693 15.0000  0.0000      5994  0.5000
  7.23486    104.53     104.525           0           0           0  34.0656   0.9950  3.0812 15.0000  0.0000      7992  0.5000
  3.61743    104.68     104.682           0           0           0  34.0656   0.9785  2.8578 15.0000  0.0000      9990  0.5000
  1.80872    98.859      98.859           0           0           0  34.0656   0.9434  4.4169 15.0000  0.0000     11988  0.9000
  1.62784    97.569     97.5692           0           0           0  34.0656   0.9555  3.2651 15.0000  0.0000     13986  0.9000
  1.46506    95.855     95.8547           0           0           0  34.0656   0.9555  2.1068 15.0000  0.0000     15984  0.9000
  1.31855    98.939     98.9394           0           0           0  34.0656   0.9349  2.7539 15.0000  0.0000     17982  0.9000
  1.18670    99.527     99.5271           0           0           0  34.0656   0.9489  3.1051 15.0000  0.0000     19980  0.9000
  1.06803    95.769     95.7688           0           0           0  34.0656   0.9329  3.1960 15.0000  0.0000     21978  0.9000
  0.96123    94.538     94.5376           0           0           0  34.0656   0.9224  1.5411 15.0000  0.0000     23976  0.9000
  0.86510    93.268     93.2676           0           0           0  34.0656   0.9199  1.7385 15.0000  0.0000     25974  0.9000
  0.77859    89.312     89.3122           0           0           0  34.0656   0.9104  2.2807 15.0000  0.0000     27972  0.9000
  0.70073    90.654     90.6541           0           0           0  34.0656   0.9109  1.9505 15.0000  0.0000     29970  0.9000
  0.63066    89.321     89.3213           0           0           0  34.0656   0.9139  1.4199 15.0000  0.0000     31968  0.9000
  0.56759    90.704      90.704           0           0           0  34.0656   0.8924  1.3063 15.0000  0.0000     33966  0.9000
  0.51083    89.786     89.7856           0           0           0  34.0656   0.8794  1.0781 15.0000  0.0000     35964  0.9000
  0.45975    85.924      85.924           0           0           0  34.0656   0.8769  1.8863 15.0000  0.0000     37962  0.9000
  0.41378    84.473     84.4735           0           0           0  34.0656   0.8614  1.9304 15.0000  0.0000     39960  0.9000
  0.37240    85.298     85.2983           0           0           0  34.0656   0.8338  0.6608 15.0000  0.0000     41958  0.9000
  0.33516    82.753     82.7533           0           0           0  34.0656   0.8418  1.5335 15.0000  0.0000     43956  0.9000
  0.30164    77.803     77.8034           0           0           0  34.0656   0.8208  1.2423 15.0000  0.0000     45954  0.9000
  0.27148    78.671     78.6708           0           0           0  34.0656   0.8178  1.0959 15.0000  0.0000     47952  0.9000
  0.24433    79.617     79.6169           0           0           0  34.0656   0.7963  1.4061 15.0000  0.0000     49950  0.9500
  0.23211    76.593     76.5931           0           0           0  34.0656   0.7993  0.8671 15.0000  0.0000     51948  0.9500
  0.22051    76.864      76.864           0           0           0  34.0656   0.8143  1.3150 15.0000  0.0000     53946  0.9000
  0.19846      75.7     75.7005           0           0           0  34.0656   0.8118  0.9042 15.0000  0.0000     55944  0.9000
  0.17861    74.166     74.1658           0           0           0  34.0656   0.7953  0.7475 15.0000  0.0000     57942  0.9500
  0.16968    74.444     74.4441           0           0           0  34.0656   0.7813  0.6584 15.0000  0.0000     59940  0.9500
  0.16120    72.568     72.5677           0           0           0  34.0656   0.7723  0.7473 15.0000  0.0000     61938  0.9500
  0.15314    72.221     72.2213           0           0           0  34.0656   0.7553  0.5820 15.0000  0.0000     63936  0.9500
  0.14548     71.82     71.8201           0           0           0  34.0656   0.7533  0.6251 15.0000  0.0000     65934  0.9500
  0.13821    72.233     72.2333           0           0           0  34.0656   0.7492  0.3495 15.0000  0.0000     67932  0.9500
  0.13130    72.041     72.0412           0           0           0  34.0656   0.7573  0.6403 15.0000  0.0000     69930  0.9500
  0.12473    72.509     72.5093           0           0           0  34.0656   0.7533  0.3977 15.0000  0.0000     71928  0.9500
  0.11849    71.447     71.4474           0           0           0  34.0656   0.7417  0.3841 15.0000  0.0000     73926  0.9500
  0.11257    71.029     71.0286           0           0           0  34.0656   0.7162  0.2900 15.0000  0.0000     75924  0.9500
  0.10694    70.447     70.4467           0           0           0  34.0656   0.7137  0.8232 15.0000  0.0000     77922  0.9500
  0.10159    69.788     69.7878           0           0           0  34.0656   0.6752  0.5578 15.0000  0.0000     79920  0.9500
  0.09651    70.059     70.0587           0           0           0  34.0656   0.6822  0.5761 15.0000  0.0000     81918  0.9500
  0.09169    71.062     71.0617           0           0           0  34.0656   0.6812  0.4984 15.0000  0.0000     83916  0.9500
  0.08710    70.348     70.3481           0           0           0  34.0656   0.6777  0.2615 15.0000  0.0000     85914  0.9500
  0.08275     69.92     69.9204           0           0           0  34.0656   0.6927  0.5682 15.0000  0.0000     87912  0.9500
  0.07861    68.974      68.974           0           0           0  34.0656   0.6667  0.3697 15.0000  0.0000     89910  0.9500
  0.07468    68.423     68.4228           0           0           0  34.0656   0.6537  0.4679 15.0000  0.0000     91908  0.9500
  0.07095    67.587     67.5869           0           0           0  34.0656   0.6311  0.3995 15.0000  0.0000     93906  0.9500
  0.06740    67.838     67.8378           0           0           0  34.0656   0.6291  0.3597 15.0000  0.0000     95904  0.9500
  0.06403    67.807     67.8074           0           0           0  34.0656   0.6281  0.5411 15.0000  0.0000     97902  0.9500
  0.06083    67.325     67.3251           0           0           0  34.0656   0.5771  0.3031 15.0000  0.0000     99900  0.9500
  0.05779    66.855      66.855           0           0           0  34.0656   0.5966  0.4771 15.0000  0.0000    101898  0.9500
  0.05490    66.488     66.4879           0           0           0  34.0656   0.5851  0.3664 15.0000  0.0000    103896  0.9500
  0.05215    66.167     66.1674           0           0           0  34.0656   0.5591  0.3000 15.0000  0.0000    105894  0.9500
  0.04955    65.719     65.7188           0           0           0  34.0656   0.5435  0.4476 15.0000  0.0000    107892  0.9500
  0.04707    65.457     65.4571           0           0           0  34.0656   0.5165  0.3377 15.0000  0.0000    109890  0.9500
  0.04471    65.521     65.5213           0           0           0  34.0656   0.5030  0.2214 15.0000  0.0000    111888  0.9500
  0.04248    65.805     65.8049           0           0           0  34.0656   0.5195  0.3988 15.0000  0.0000    113886  0.9500
  0.04035    64.902     64.9021           0           0           0  34.0656   0.5030  0.1693 15.0000  0.0000    115884  0.9500
  0.03834    64.156     64.1561           0           0           0  34.0656   0.4505  0.3267 15.0000  0.0000    117882  0.9500
  0.03642    64.445     64.4451           0           0           0  34.0656   0.4650  0.2275 15.0000  0.0000    119880  0.9500
  0.03460    63.752     63.7519           0           0           0  34.0656   0.4124  0.4001 15.0000  0.0000    121878  0.9500
  0.03287    64.205     64.2055           0           0           0  34.0656   0.4770  0.3374 14.5862  0.0000    123876  0.9500
  0.03123    63.372     63.3719           0           0           0  34.0656   0.4099  0.3901 15.0000  0.0000    125874  0.9500
  0.02966    62.862     62.8622           0           0           0  34.0656   0.4565  0.3229 14.5486  0.0000    127872  0.9500
  0.02818    62.759     62.7586           0           0           0  34.0656   0.4520  0.2934 14.7881  0.0000    129870  0.9500
  0.02677     62.26     62.2602           0           0           0  34.0656   0.4049  0.1504 14.9648  0.0000    131868  0.9500
  0.02543    62.154     62.1541           0           0           0  34.0656   0.4099  0.2078 14.4396  0.0000    133866  0.9500
  0.02416    61.784     61.7845           0           0           0  34.0656   0.3869  0.2680 14.0051  0.0000    135864  0.9500
  0.02295    61.269     61.2695           0           0           0  34.0656   0.3784  0.1991 13.2613  0.0000    137862  0.9500
  0.02181    61.215     61.2147           0           0           0  34.0656   0.3984  0.1794 12.4441  0.0000    139860  0.9500
  0.02072    61.077     61.0767           0           0           0  34.0656   0.3899  0.1118 11.9264  0.0000    141858  0.9500
  0.01968    60.807     60.8068           0           0           0  34.0656   0.4029  0.1591 11.3288  0.0000    143856  0.9500
  0.01870    60.525     60.5252           0           0           0  34.0656   0.4124  0.2586 10.9085  0.0000    145854  0.9500
  0.01776    59.872     59.8724           0           0           0  34.0656   0.3644  0.2276 10.6076  0.0000    147852  0.9500
  0.01687    59.645     59.6447           0           0           0  34.0656   0.3749  0.1990  9.8053  0.0000    149850  0.9500
  0.01603    59.534     59.5338           0           0           0  34.0656   0.3569  0.1505  9.1667  0.0000    151848  0.9500
  0.01523    59.344      59.344           0           0           0  34.0656   0.3684  0.1657  8.4045  0.0000    153846  0.9500
  0.01447    59.481     59.4806           0           0           0  34.0656   0.4129  0.1465  7.8025  0.0000    155844  0.9500
  0.01374     58.89     58.8897           0           0           0  34.0656   0.3719  0.1017  7.5912  0.0000    157842  0.9500
  0.01306    58.696     58.6958           0           0           0  34.0656   0.3498  0.1464  7.0740  0.0000    159840  0.9500
  0.01240    58.549     58.5486           0           0           0  34.0656   0.3939  0.1828  6.4363  0.0000    161838  0.9500
  0.01178    58.377     58.3773           0           0           0  34.0656   0.3689  0.0776  6.1395  0.0000    163836  0.9500
  0.01119    58.354     58.3535           0           0           0  34.0656   0.3744  0.0724  5.7028  0.0000    165834  0.9500
  0.01063    58.123     58.1233           0           0           0  34.0656   0.3934  0.1242  5.3286  0.0000    167832  0.9500
  0.01010    57.811     57.8107           0           0           0  34.0656   0.3373  0.1337  5.0802  0.0000    169830  0.9500
  0.00960    57.728     57.7279           0           0           0  34.0656   0.3899  0.0997  4.5587  0.0000    171828  0.9500
  0.00912    57.533     57.5327           0           0           0  34.0656   0.3629  0.0911  4.3302  0.0000    173826  0.9500
  0.00866     57.31     57.3104           0           0           0  34.0656   0.3999  0.0664  3.9962  0.0000    175824  0.9500
  0.00823    57.228     57.2277           0           0           0  34.0656   0.4084  0.0725  3.8360  0.0000    177822  0.9500
  0.00782    57.119     57.1188           0           0           0  34.0656   0.3909  0.1539  3.7148  0.0000    179820  0.9500
  0.00743    57.074     57.0735           0           0           0  34.0656   0.3814  0.0472  3.5323  0.0000    181818  0.9500
  0.00706    56.926      56.926           0           0           0  34.0656   0.3634  0.0479  3.3253  0.0000    183816  0.9500
  0.00670    56.856     56.8564           0           0           0  34.0656   0.3569  0.0639  3.0704  0.0000    185814  0.9500
  0.00637    56.743     56.7433           0           0           0  34.0656   0.4174  0.0548  2.8152  0.0000    187812  0.9500
  0.00605    56.592     56.5919           0           0           0  34.0656   0.3794  0.0536  2.7516  0.0000    189810  0.9500
  0.00575    56.542     56.5421           0           0           0  34.0656   0.3739  0.0362  2.5848  0.0000    191808  0.9500
  0.00546    56.442     56.4417           0           0           0  34.0656   0.3739  0.0512  2.4139  0.0000    193806  0.9500
  0.00519    56.284     56.2841           0           0           0  34.0656   0.3498  0.0898  2.2542  0.0000    195804  0.9500
  0.00493    56.124     56.1239           0           0           0  34.0656   0.3714  0.0539  2.0510  0.0000    197802  0.9500
  0.00468    55.975     55.9745           0           0           0  34.0656   0.4334  0.0905  1.9103  0.0000    199800  0.9500
  0.00445    55.935      55.935           0           0           0  34.0656   0.4149  0.0276  1.8977  0.0000    201798  0.9500
  0.00422    55.876     55.8762           0           0           0  34.0656   0.4214  0.0405  1.8501  0.0000    203796  0.9500
  0.00401     55.82     55.8196           0           0           0  34.0656   0.4214  0.0346  1.8157  0.0000    205794  0.9500
  0.00381    55.778     55.7777           0           0           0  34.0656   0.3929  0.0578  1.7820  0.0000    207792  0.9500
  0.00362    55.676     55.6761           0           0           0  34.0656   0.3809  0.0303  1.6981  0.0000    209790  0.9500
  0.00344    55.608     55.6081           0           0           0  34.0656   0.3574  0.0282  1.5977  0.0000    211788  0.9500
  0.00327    55.608     55.6085           0           0           0  34.0656   0.3754  0.0195  1.4656  0.0000    213786  0.9500
  0.00311    55.573      55.573           0           0           0  34.0656   0.3954  0.0186  1.3709  0.0000    215784  0.9500
  0.00295    55.556     55.5559           0           0           0  34.0656   0.3448  0.0162  1.3098  0.0000    217782  0.9500
  0.00280    55.517     55.5167           0           0           0  34.0656   0.3629  0.0170  1.1851  0.0000    219780  0.9500
  0.00266    55.467     55.4674           0           0           0  34.0656   0.3208  0.0253  1.0937  0.0000    221778  0.9500
  0.00253    55.455     55.4551           0           0           0  34.0656   0.3293  0.0208  1.0000  0.0000    223776  0.9500
  0.00240    55.484     55.4836           0           0           0  34.0656   0.3514  0.0143  1.0000  0.0000    225774  0.9500
  0.00228    55.451     55.4507           0           0           0  34.0656   0.3318  0.0052  1.0000  0.0000    227772  0.9500
  0.00217    55.427     55.4273           0           0           0  34.0656   0.3539  0.0000  1.0000  0.0000    229770  0.9500
  0.00206    55.432     55.4318           0           0           0  34.0656   0.3123  0.0079  1.0000  0.0000    231768  0.9500
  0.00196    55.443     55.4427           0           0           0  34.0656   0.3378  0.0088  1.0000  0.0000    233766  0.9500
  0.00186    55.431     55.4305           0           0           0  34.0656   0.3323  0.0141  1.0000  0.0000    235764  0.9500
  0.00177    55.414     55.4142           0           0           0  34.0656   0.3093  0.0070  1.0000  0.0000    237762  0.9500
  0.00168    55.414     55.4137           0           0           0  34.0656   0.3524  0.0069  1.0000  0.0000    239760  0.9500
  0.00159    55.414     55.4137           0           0           0  34.0656   0.3108  0.0070  1.0000  0.0000    241758  0.9500
  0.00151    55.411     55.4108           0           0           0  34.0656   0.3248  0.0037  1.0000  0.0000    243756  0.9500
  0.00144    55.411     55.4108           0           0           0  34.0656   0.3188  0.0013  1.0000  0.0000    245754  0.9500
  0.00137     55.41     55.4103           0           0           0  34.0656   0.3213  0.0000  1.0000  0.0000    247752  0.9500
  0.00130    55.401     55.4007           0           0           0  34.0656   0.3413  0.0000  1.0000  0.0000    249750  0.9500
  0.00123    55.406     55.4064           0           0           0  34.0656   0.3043  0.0026  1.0000  0.0000    251748  0.9500
  0.00117    55.401     55.4013           0           0           0  34.0656   0.3288  0.0000  1.0000  0.0000    253746  0.9500
  0.00111    55.401      55.401           0           0           0  34.0656   0.3308  0.0040  1.0000  0.0000    255744  0.9500
  0.00106    55.402     55.4016           0           0           0  34.0656   0.3218  0.0046  1.0000  0.0000    257742  0.9500
  0.00100    55.401     55.4008           0           0           0  34.0656   0.3323  0.0022  1.0000  0.0000    259740  0.9500
  0.00095      55.4        55.4           0           0           0  34.0656   0.3198  0.0057  1.0000  0.0000    261738  0.9500
  0.00091      55.4     55.4002           0           0           0  34.0656   0.3228  0.0056  1.0000  0.0000    263736  0.9500
  0.00086      55.4     55.4002           0           0           0  34.0656   0.3288  0.0010  1.0000  0.0000    265734  0.9500
  0.00082      55.4     55.4001           0           0           0  34.0656   0.3033  0.0041  1.0000  0.0000    267732  0.9500
  0.00078    55.401     55.4009           0           0           0  34.0656   0.3338  0.0000  1.0000  0.0000    269730  0.9500
  0.00074    55.399     55.3994           0           0           0  34.0656   0.3258  0.0042  1.0000  0.0000    271728  0.9500
  0.00070      55.4     55.3997           0           0           0  34.0656   0.3093  0.0085  1.0000  0.0000    273726  0.9500
  0.00067      55.4     55.4003           0           0           0  34.0656   0.3328  0.0000  1.0000  0.0000    275724  0.9500
  0.00063    55.399     55.3987           0           0           0  34.0656   0.3273  0.0051  1.0000  0.0000    277722  0.9500
  0.00060    55.399     55.3991           0           0           0  34.0656   0.3178  0.0060  1.0000  0.0000    279720  0.9500
  0.00057    55.399     55.3994           0           0           0  34.0656   0.2988  0.0076  1.0000  0.0000    281718  0.9500
  0.00054      55.4     55.3995           0           0           0  34.0656   0.3198  0.0064  1.0000  0.0000    283716  0.9500
  0.00052    55.399     55.3992           0           0           0  34.0656   0.3233  0.0047  1.0000  0.0000    285714  0.9500
  0.00049    55.399     55.3986           0           0           0  34.0656   0.3083  0.0036  1.0000  0.0000    287712  0.9500
  0.00047    55.399     55.3994           0           0           0  34.0656   0.2903  0.0056  1.0000  0.0000    289710  0.9500
  0.00044    55.399      55.399           0           0           0  34.0656   0.2928  0.0056  1.0000  0.0000    291708  0.9500
  0.00042    55.398     55.3982           0           0           0  34.0656   0.3218  0.0032  1.0000  0.0000    293706  0.9500
  0.00040    55.399      55.399           0           0           0  34.0656   0.3288  0.0050  1.0000  0.0000    295704  0.9500
  0.00000    55.398     55.3982           0           0           0            0.1697  0.0032  1.0000  0.0000    297702

