 45.57006    107.27     107.265           0           0           0  34.0656   0.9970  4.0058 15.0000  0.0000      1998  0.5000
 22.78503    104.96     104.958           0           0           0  34.0656   0.9950  3.6283 15.0000  0.0000      3996  0.5000
 11.39252    109.76      109.76           0           0           0  34.0656   0.9925  3.4053 15.0000  0.0000      5994  0.5000
  5.69626    104.09      104.09           0           0           0  34.0656   0.9840  4.3039 15.0000  0.0000      7992  0.5000
  2.84813    103.33     103.326           0           0           0  34.0656   0.9680  3.2304 15.0000  0.0000      9990  0.5000
  1.42406    97.805     97.8055           0           0           0  34.0656   0.9424  2.8783 15.0000  0.0000     11988  0.9000
  1.28166    95.878     95.8776           0           0           0  34.0656   0.9399  2.2345 15.0000  0.0000     13986  0.9000
  1.15349    97.774     97.7745           0           0           0  34.0656   0.9319  2.1603 15.0000  0.0000     15984  0.9000
  1.03814     95.38     95.3797           0           0           0  34.0656   0.9314  2.0649 15.0000  0.0000     17982  0.9000
  0.93433     97.68     97.6799           0           0           0  34.0656   0.9179  1.8130 15.0000  0.0000     19980  0.9000
  0.84090    91.137     91.1365           0           0           0  34.0656   0.9094  2.2520 15.0000  0.0000     21978  0.9000
  0.75681    86.786     86.7864           0           0           0  34.0656   0.8904  0.8585 15.0000  0.0000     23976  0.9000
  0.68113    91.625     91.6255           0           0           0  34.0656   0.9069  2.3376 15.0000  0.0000     25974  0.9000
  0.61301    90.717     90.7175           0           0           0  34.0656   0.8884  1.5946 15.0000  0.0000     27972  0.9000
  0.55171    87.712     87.7121           0           0           0  34.0656   0.8884  2.0453 15.0000  0.0000     29970  0.9000
  0.49654    86.797     86.7967           0           0           0  34.0656   0.8794  1.9218 15.0000  0.0000     31968  0.9000
  0.44689    87.855      87.855           0           0           0  34.0656   0.8689  2.8335 15.0000  0.0000     33966  0.9000
  0.40220     82.52     82.5195           0           0           0  34.0656   0.8624  1.4629 15.0000  0.0000     35964  0.9000
  0.36198    82.724     82.7237           0           0           0  34.0656   0.8514  1.0808 15.0000  0.0000     37962  0.9000
  0.32578     83.74     83.7396           0           0           0  34.0656   0.8504  1.5075 15.0000  0.0000     39960  0.9000
  0.29320    80.553     80.5527           0           0           0  34.0656   0.8433  0.8844 15.0000  0.0000     41958  0.9000
  0.26388    81.837     81.8367           0           0           0  34.0656   0.8248  1.4637 15.0000  0.0000     43956  0.9000
  0.23749    80.267     80.2674           0           0           0  34.0656   0.8023  1.3020 15.0000  0.0000     45954  0.9000
  0.21374    80.241     80.2411           0           0           0  34.0656   0.8093  1.1735 15.0000  0.0000     47952  0.9000
  0.19237    78.332     78.3316           0           0           0  34.0656   0.7828  0.5686 15.0000  0.0000     49950  0.9500
  0.18275    77.753     77.7526           0           0           0  34.0656   0.7758  0.6158 15.0000  0.0000     51948  0.9500
  0.17361    76.968     76.9678           0           0           0  34.0656   0.7778  1.0855 15.0000  0.0000     53946  0.9500
  0.16493     74.97     74.9702           0           0           0  34.0656   0.7613  0.3678 15.0000  0.0000     55944  0.9500
  0.15669    74.876     74.8761           0           0           0  34.0656   0.7568  0.5135 15.0000  0.0000     57942  0.9500
  0.14885    73.916     73.9158           0           0           0  34.0656   0.7513  0.9819 15.0000  0.0000     59940  0.9500
  0.14141    73.602     73.6018           0           0           0  34.0656   0.7332  0.6909 15.0000  0.0000     61938  0.9500
  0.13434    74.151     74.1508           0           0           0  34.0656   0.7377  0.6489 15.0000  0.0000     63936  0.9500
  0.12762    74.108     74.1078           0           0           0  34.0656   0.7192  0.6417 15.0000  0.0000     65934  0.9500
  0.12124    74.016     74.0157           0           0           0  34.0656   0.7257  0.3520 15.0000  0.0000     67932  0.9500
  0.11518    73.449     73.4491           0           0           0  34.0656   0.7047  0.5101 15.0000  0.0000     69930  0.9500
  0.10942    72.808     72.8079           0           0           0  34.0656   0.7192  0.7415 15.0000  0.0000     71928  0.9500
  0.10395    71.063     71.0625           0           0           0  34.0656   0.6907  0.7419 15.0000  0.0000     73926  0.9500
  0.09875    70.839     70.8395           0           0           0  34.0656   0.6882  0.5597 15.0000  0.0000     75924  0.9500
  0.09381    70.546     70.5459           0           0           0  34.0656   0.6622  0.4287 15.0000  0.0000     77922  0.9500
  0.08912    69.901     69.9005           0           0           0  34.0656   0.6737  0.4651 15.0000  0.0000     79920  0.9500
  0.08467    69.371      69.371           0           0           0  34.0656   0.6687  0.4208 15.0000  0.0000     81918  0.9500
  0.08043    69.326     69.3263           0           0           0  34.0656   0.6522  0.4631 15.0000  0.0000     83916  0.9500
  0.07641    68.929     68.9289           0           0           0  34.0656   0.6386  0.4471 15.0000  0.0000     85914  0.9500
  0.07259    68.406      68.406           0           0           0  34.0656   0.6221  0.5010 15.0000  0.0000     87912  0.9500
  0.06896    69.429     69.4294           0           0           0  34.0656   0.6311  0.3154 15.0000  0.0000     89910  0.9500
  0.06551    68.453     68.4531           0           0           0  34.0656   0.5931  0.5202 15.0000  0.0000     91908  0.9500
  0.06224    68.345     68.3447           0           0           0  34.0656   0.6041  0.3443 15.0000  0.0000     93906  0.9500
  0.05913    67.879     67.8791           0           0           0  34.0656   0.5861  0.7234 15.0000  0.0000     95904  0.9500
  0.05617    67.755     67.7554           0           0           0  34.0656   0.5676  0.5413 15.0000  0.0000     97902  0.9500
  0.05336    67.444     67.4441           0           0           0  34.0656   0.5571  0.3206 15.0000  0.0000     99900  0.9500
  0.05069    67.451     67.4511           0           0           0  34.0656   0.5490  0.3547 15.0000  0.0000    101898  0.9500
  0.04816    67.111     67.1106           0           0           0  34.0656   0.5220  0.3117 15.0000  0.0000    103896  0.9500
  0.04575     66.36     66.3599           0           0           0  34.0656   0.4840  0.4286 15.0000  0.0000    105894  0.9500
  0.04346     65.51       65.51           0           0           0  34.0656   0.4825  0.4244 15.0000  0.0000    107892  0.9500
  0.04129    65.559     65.5586           0           0           0  34.0656   0.4960  0.2665 15.0000  0.0000    109890  0.9500
  0.03923    65.104     65.1037           0           0           0  34.0656   0.4680  0.2528 15.0000  0.0000    111888  0.9500
  0.03726    65.318     65.3176           0           0           0  34.0656   0.4409  0.2496 15.0000  0.0000    113886  0.9500
  0.03540    65.426     65.4263           0           0           0  34.0656   0.4489  0.2252 15.0000  0.0000    115884  0.9500
  0.03363    64.684     64.6839           0           0           0  34.0656   0.4419  0.4281 15.0000  0.0000    117882  0.9500
  0.03195    64.233     64.2327           0           0           0  34.0656   0.3974  0.4470 15.0000  0.0000    119880  0.9500
  0.03035    63.313      63.313           0           0           0  34.0656   0.4049  0.2927 14.3610  0.0000    121878  0.9500
  0.02883    63.282     63.2819           0           0           0  34.0656   0.4174  0.1515 13.8570  0.0000    123876  0.9500
  0.02739    62.889     62.8891           0           0           0  34.0656   0.4164  0.3194 13.5440  0.0000    125874  0.9500
  0.02602    62.292     62.2917           0           0           0  34.0656   0.3734  0.1763 13.2246  0.0000    127872  0.9500
  0.02472    61.766     61.7656           0           0           0  34.0656   0.3864  0.1480 12.3435  0.0000    129870  0.9500
  0.02349    61.904     61.9039           0           0           0  34.0656   0.3954  0.2667 11.6817  0.0000    131868  0.9500
  0.02231    61.055     61.0549           0           0           0  34.0656   0.3519  0.3491 11.1607  0.0000    133866  0.9500
  0.02120    60.625     60.6251           0           0           0  34.0656   0.3774  0.1334 10.1769  0.0000    135864  0.9500
  0.02014    60.762     60.7623           0           0           0  34.0656   0.3979  0.1244  9.5396  0.0000    137862  0.9500
  0.01913     60.58     60.5798           0           0           0  34.0656   0.4024  0.2082  9.1379  0.0000    139860  0.9500
  0.01817    59.873     59.8728           0           0           0  34.0656   0.4019  0.2120  8.7944  0.0000    141858  0.9500
  0.01726    60.048     60.0482           0           0           0  34.0656   0.3839  0.1201  8.4593  0.0000    143856  0.9500
  0.01640    59.667     59.6669           0           0           0  34.0656   0.4064  0.2260  7.9846  0.0000    145854  0.9500
  0.01558    59.341     59.3409           0           0           0  34.0656   0.4009  0.1057  7.7164  0.0000    147852  0.9500
  0.01480    59.045      59.045           0           0           0  34.0656   0.3744  0.2069  7.4147  0.0000    149850  0.9500
  0.01406     58.63     58.6302           0           0           0  34.0656   0.4069  0.1224  6.9281  0.0000    151848  0.9500
  0.01336    58.498     58.4979           0           0           0  34.0656   0.3959  0.1198  6.6988  0.0000    153846  0.9500
  0.01269    58.302     58.3024           0           0           0  34.0656   0.3493  0.1356  6.4034  0.0000    155844  0.9500
  0.01206    57.886     57.8863           0           0           0  34.0656   0.3799  0.0992  5.8229  0.0000    157842  0.9500
  0.01145    57.866     57.8657           0           0           0  34.0656   0.3829  0.0628  5.4728  0.0000    159840  0.9500
  0.01088     58.02     58.0199           0           0           0  34.0656   0.3899  0.0832  5.1602  0.0000    161838  0.9500
  0.01034    57.734     57.7342           0           0           0  34.0656   0.4069  0.0629  4.9017  0.0000    163836  0.9500
  0.00982    57.442      57.442           0           0           0  34.0656   0.4109  0.1981  4.7394  0.0000    165834  0.9500
  0.00933    57.094     57.0944           0           0           0  34.0656   0.3524  0.0552  4.6016  0.0000    167832  0.9500
  0.00886    57.186     57.1857           0           0           0  34.0656   0.3734  0.0691  4.1983  0.0000    169830  0.9500
  0.00842    57.176     57.1755           0           0           0  34.0656   0.4334  0.1070  3.9185  0.0000    171828  0.9500
  0.00800    56.915      56.915           0           0           0  34.0656   0.4134  0.1664  3.8928  0.0000    173826  0.9500
  0.00760    56.722     56.7216           0           0           0  34.0656   0.3679  0.0765  3.7893  0.0000    175824  0.9500
  0.00722    56.668     56.6682           0           0           0  34.0656   0.3784  0.0654  3.5160  0.0000    177822  0.9500
  0.00686    56.488      56.488           0           0           0  34.0656   0.3669  0.0419  3.2993  0.0000    179820  0.9500
  0.00651    56.211     56.2112           0           0           0  34.0656   0.3413  0.0550  3.0580  0.0000    181818  0.9500
  0.00619     56.12     56.1195           0           0           0  34.0656   0.3864  0.0730  2.7563  0.0000    183816  0.9500
  0.00588     56.01     56.0095           0           0           0  34.0656   0.4019  0.0539  2.6086  0.0000    185814  0.9500
  0.00559     56.08     56.0804           0           0           0  34.0656   0.3664  0.0344  2.5092  0.0000    187812  0.9500
  0.00531    55.901     55.9006           0           0           0  34.0656   0.3564  0.0386  2.3244  0.0000    189810  0.9500
  0.00504    55.915     55.9151           0           0           0  34.0656   0.3874  0.0452  2.1300  0.0000    191808  0.9500
  0.00479    55.929     55.9285           0           0           0  34.0656   0.3894  0.0563  2.0179  0.0000    193806  0.9500
  0.00455    55.806     55.8059           0           0           0  34.0656   0.4474  0.0582  1.9158  0.0000    195804  0.9500
  0.00432    55.851     55.8508           0           0           0  34.0656   0.4530  0.0447  1.9301  0.0000    197802  0.9500
  0.00411    55.755     55.7555           0           0           0  34.0656   0.4139  0.0148  1.9551  0.0000    199800  0.9500
  0.00390    55.732     55.7322           0           0           0  34.0656   0.4294  0.0229  1.9041  0.0000    201798  0.9500
  0.00371    55.671     55.6711           0           0           0  34.0656   0.3964  0.0199  1.8839  0.0000    203796  0.9500
  0.00352     55.67     55.6696           0           0           0  34.0656   0.4034  0.0233  1.8018  0.0000    205794  0.9500
  0.00334      55.6     55.5996           0           0           0  34.0656   0.4299  0.0327  1.7359  0.0000    207792  0.9500
  0.00318      55.6     55.6005           0           0           0  34.0656   0.4139  0.0243  1.7184  0.0000    209790  0.9500
  0.00302    55.619     55.6189           0           0           0  34.0656   0.4089  0.0320  1.6735  0.0000    211788  0.9500
  0.00287    55.566     55.5659           0           0           0  34.0656   0.3879  0.0154  1.6215  0.0000    213786  0.9500
  0.00272    55.544     55.5444           0           0           0  34.0656   0.3664  0.0194  1.5370  0.0000    215784  0.9500
  0.00259    55.529      55.529           0           0           0  34.0656   0.3949  0.0189  1.4238  0.0000    217782  0.9500
  0.00246     55.49     55.4895           0           0           0  34.0656   0.3804  0.0097  1.3596  0.0000    219780  0.9500
  0.00234    55.472     55.4719           0           0           0  34.0656   0.3784  0.0082  1.2786  0.0000    221778  0.9500
  0.00222    55.486     55.4856           0           0           0  34.0656   0.3719  0.0057  1.1998  0.0000    223776  0.9500
  0.00211    55.468     55.4678           0           0           0  34.0656   0.3539  0.0067  1.1180  0.0000    225774  0.9500
  0.00200    55.476      55.476           0           0           0  34.0656   0.3599  0.0047  1.0217  0.0000    227772  0.9500
  0.00190    55.472     55.4723           0           0           0  34.0656   0.3478  0.0100  1.0000  0.0000    229770  0.9500
  0.00181    55.471      55.471           0           0           0  34.0656   0.3473  0.0057  1.0000  0.0000    231768  0.9500
  0.00172    55.455     55.4555           0           0           0  34.0656   0.3438  0.0067  1.0000  0.0000    233766  0.9500
  0.00163     55.45     55.4498           0           0           0  34.0656   0.3453  0.0049  1.0000  0.0000    235764  0.9500
  0.00155    55.451      55.451           0           0           0  34.0656   0.3569  0.0031  1.0000  0.0000    237762  0.9500
  0.00147    55.432     55.4316           0           0           0  34.0656   0.3584  0.0012  1.0000  0.0000    239760  0.9500
  0.00140    55.421     55.4209           0           0           0  34.0656   0.3443  0.0049  1.0000  0.0000    241758  0.9500
  0.00133    55.418     55.4182           0           0           0  34.0656   0.3258  0.0026  1.0000  0.0000    243756  0.9500
  0.00126    55.423     55.4228           0           0           0  34.0656   0.3594  0.0033  1.0000  0.0000    245754  0.9500
  0.00120     55.42     55.4197           0           0           0  34.0656   0.3594  0.0048  1.0000  0.0000    247752  0.9500
  0.00114    55.422      55.422           0           0           0  34.0656   0.3408  0.0068  1.0000  0.0000    249750  0.9500
  0.00108    55.416     55.4156           0           0           0  34.0656   0.3393  0.0048  1.0000  0.0000    251748  0.9500
  0.00103    55.419     55.4192           0           0           0  34.0656   0.3784  0.0048  1.0000  0.0000    253746  0.9500
  0.00098    55.424     55.4237           0           0           0  34.0656   0.3614  0.0078  1.0000  0.0000    255744  0.9500
  0.00093    55.417      55.417           0           0           0  34.0656   0.3193  0.0060  1.0000  0.0000    257742  0.9500
  0.00088    55.418     55.4185           0           0           0  34.0656   0.3268  0.0000  1.0000  0.0000    259740  0.9500
  0.00084    55.417     55.4169           0           0           0  34.0656   0.3504  0.0044  1.0000  0.0000    261738  0.9500
  0.00080    55.417      55.417           0           0           0  34.0656   0.3559  0.0000  1.0000  0.0000    263736  0.9500
  0.00076    55.416     55.4157           0           0           0  34.0656   0.3689  0.0048  1.0000  0.0000    265734  0.9500
  0.00072    55.416     55.4159           0           0           0  34.0656   0.3343  0.0072  1.0000  0.0000    267732  0.9500
  0.00068    55.417     55.4167           0           0           0  34.0656   0.3594  0.0000  1.0000  0.0000    269730  0.9500
  0.00065    55.415     55.4148           0           0           0  34.0656   0.3358  0.0075  1.0000  0.0000    271728  0.9500
  0.00062    55.414     55.4137           0           0           0  34.0656   0.3343  0.0042  1.0000  0.0000    273726  0.9500
  0.00058    55.414     55.4142           0           0           0  34.0656   0.3403  0.0000  1.0000  0.0000    275724  0.9500
  0.00056    55.416      55.416           0           0           0  34.0656   0.3323  0.0000  1.0000  0.0000    277722  0.9500
  0.00053    55.413     55.4134           0           0           0  34.0656   0.3198  0.0000  1.0000  0.0000    279720  0.9500
  0.00050    55.415     55.4151           0           0           0  34.0656   0.3443  0.0036  1.0000  0.0000    281718  0.9500
  0.00048    55.414     55.4135           0           0           0  34.0656   0.3413  0.0000  1.0000  0.0000    283716  0.9500
  0.00045    55.414      55.414           0           0           0  34.0656   0.3328  0.0048  1.0000  0.0000    285714  0.9500
  0.00043    55.413     55.4132           0           0           0  34.0656   0.3213  0.0077  1.0000  0.0000    287712  0.9500
  0.00041    55.413     55.4132           0           0           0  34.0656   0.3338  0.0000  1.0000  0.0000    289710  0.9500
  0.00039    55.412     55.4122           0           0           0  34.0656   0.3634  0.0040  1.0000  0.0000    291708  0.9500
  0.00000    55.412     55.4117           0           0           0            0.1557  0.0028  1.0000  0.0000    293706

