 51.13949    108.23     108.226           0           0           0  34.0656   0.9985  3.2124 15.0000  0.0000      1998  0.5000
 25.56974    108.23     108.231           0           0           0  34.0656   0.9965  3.2831 15.0000  0.0000      3996  0.5000
 12.78487    108.16     108.164           0           0           0  34.0656   0.9960  3.0194 15.0000  0.0000      5994  0.5000
  6.39244    102.98     102.975           0           0           0  34.0656   0.9860  2.9588 15.0000  0.0000      7992  0.5000
  3.19622    103.25     103.253           0           0           0  34.0656   0.9755  3.9339 15.0000  0.0000      9990  0.5000
  1.59811    100.87     100.868           0           0           0  34.0656   0.9580  3.0260 15.0000  0.0000     11988  0.9000
  1.43830    95.569     95.5694           0           0           0  34.0656   0.9434  3.2509 15.0000  0.0000     13986  0.9000
  1.29447    96.624     96.6237           0           0           0  34.0656   0.9439  2.3626 15.0000  0.0000     15984  0.9000
  1.16502    94.945     94.9449           0           0           0  34.0656   0.9294  2.3906 15.0000  0.0000     17982  0.9000
  1.04852    97.473     97.4727           0           0           0  34.0656   0.9294  1.5794 15.0000  0.0000     19980  0.9000
  0.94367    94.293     94.2935           0           0           0  34.0656   0.9299  2.8089 15.0000  0.0000     21978  0.9000
  0.84930    95.104     95.1039           0           0           0  34.0656   0.9154  2.2649 15.0000  0.0000     23976  0.9000
  0.76437    91.252     91.2516           0           0           0  34.0656   0.9119  1.3224 15.0000  0.0000     25974  0.9000
  0.68793     92.48     92.4804           0           0           0  34.0656   0.8964  1.4575 15.0000  0.0000     27972  0.9000
  0.61914    91.581     91.5809           0           0           0  34.0656   0.9029  1.5542 15.0000  0.0000     29970  0.9000
  0.55723    88.163     88.1627           0           0           0  34.0656   0.8919  1.3070 15.0000  0.0000     31968  0.9000
  0.50150    86.206     86.2064           0           0           0  34.0656   0.8759  1.8988 15.0000  0.0000     33966  0.9000
  0.45135     84.57       84.57           0           0           0  34.0656   0.8649  0.5823 15.0000  0.0000     35964  0.9000
  0.40622    85.908     85.9081           0           0           0  34.0656   0.8554  1.5509 15.0000  0.0000     37962  0.9000
  0.36560    83.955     83.9546           0           0           0  34.0656   0.8473  2.3941 15.0000  0.0000     39960  0.9000
  0.32904    84.368     84.3679           0           0           0  34.0656   0.8453  1.5056 15.0000  0.0000     41958  0.9000
  0.29613     83.41     83.4097           0           0           0  34.0656   0.8233  0.9282 15.0000  0.0000     43956  0.9000
  0.26652    80.968     80.9676           0           0           0  34.0656   0.8173  1.7479 15.0000  0.0000     45954  0.9000
  0.23987    79.281     79.2807           0           0           0  34.0656   0.7973  0.7972 15.0000  0.0000     47952  0.9500
  0.22787    77.991     77.9909           0           0           0  34.0656   0.7998  0.7567 15.0000  0.0000     49950  0.9500
  0.21648     76.79       76.79           0           0           0  34.0656   0.7958  0.4599 15.0000  0.0000     51948  0.9500
  0.20566    75.974     75.9737           0           0           0  34.0656   0.7933  0.6519 15.0000  0.0000     53946  0.9500
  0.19537    76.171     76.1713           0           0           0  34.0656   0.8018  1.1655 15.0000  0.0000     55944  0.9000
  0.17584    77.476     77.4763           0           0           0  34.0656   0.7968  0.3024 15.0000  0.0000     57942  0.9500
  0.16704    75.913     75.9135           0           0           0  34.0656   0.7923  0.5927 15.0000  0.0000     59940  0.9500
  0.15869    75.453     75.4528           0           0           0  34.0656   0.7703  0.8183 15.0000  0.0000     61938  0.9500
  0.15076    74.103     74.1027           0           0           0  34.0656   0.7908  0.6226 15.0000  0.0000     63936  0.9500
  0.14322    74.032     74.0316           0           0           0  34.0656   0.7492  0.4554 15.0000  0.0000     65934  0.9500
  0.13606    73.818     73.8179           0           0           0  34.0656   0.7553  0.4837 15.0000  0.0000     67932  0.9500
  0.12926    75.602     75.6019           0           0           0  34.0656   0.7212  0.4846 15.0000  0.0000     69930  0.9500
  0.12279    75.768     75.7677           0           0           0  34.0656   0.7462  0.8854 15.0000  0.0000     71928  0.9500
  0.11665    75.207     75.2071           0           0           0  34.0656   0.7162  0.8517 15.0000  0.0000     73926  0.9500
  0.11082    73.719     73.7189           0           0           0  34.0656   0.7307  0.6976 15.0000  0.0000     75924  0.9500
  0.10528      73.5     73.5005           0           0           0  34.0656   0.7207  0.2747 15.0000  0.0000     77922  0.9500
  0.10002    72.788     72.7879           0           0           0  34.0656   0.7217  1.1319 15.0000  0.0000     79920  0.9500
  0.09501    70.816     70.8158           0           0           0  34.0656   0.6977  0.5610 15.0000  0.0000     81918  0.9500
  0.09026    70.726     70.7257           0           0           0  34.0656   0.6887  0.6352 15.0000  0.0000     83916  0.9500
  0.08575    70.239     70.2386           0           0           0  34.0656   0.6677  0.4939 15.0000  0.0000     85914  0.9500
  0.08146    69.081     69.0811           0           0           0  34.0656   0.6767  0.4694 15.0000  0.0000     87912  0.9500
  0.07739    69.042     69.0417           0           0           0  34.0656   0.6677  0.4298 15.0000  0.0000     89910  0.9500
  0.07352    68.921     68.9214           0           0           0  34.0656   0.6607  0.3306 15.0000  0.0000     91908  0.9500
  0.06984    68.728     68.7277           0           0           0  34.0656   0.6306  0.3950 15.0000  0.0000     93906  0.9500
  0.06635    67.894     67.8938           0           0           0  34.0656   0.6041  0.4220 15.0000  0.0000     95904  0.9500
  0.06303    68.128     68.1281           0           0           0  34.0656   0.6201  0.4473 15.0000  0.0000     97902  0.9500
  0.05988    68.091     68.0912           0           0           0  34.0656   0.6111  0.3983 15.0000  0.0000     99900  0.9500
  0.05689    67.598     67.5978           0           0           0  34.0656   0.5991  0.3352 15.0000  0.0000    101898  0.9500
  0.05404    67.205     67.2054           0           0           0  34.0656   0.5621  0.2032 15.0000  0.0000    103896  0.9500
  0.05134    67.157     67.1567           0           0           0  34.0656   0.5490  0.2731 15.0000  0.0000    105894  0.9500
  0.04878    66.819     66.8189           0           0           0  34.0656   0.5225  0.4221 15.0000  0.0000    107892  0.9500
  0.04634     66.63     66.6299           0           0           0  34.0656   0.5495  0.3610 15.0000  0.0000    109890  0.9500
  0.04402    66.246     66.2465           0           0           0  34.0656   0.5180  0.4446 15.0000  0.0000    111888  0.9500
  0.04182     65.87     65.8703           0           0           0  34.0656   0.5035  0.3958 15.0000  0.0000    113886  0.9500
  0.03973    64.951     64.9506           0           0           0  34.0656   0.4845  0.1857 15.0000  0.0000    115884  0.9500
  0.03774    65.279     65.2794           0           0           0  34.0656   0.4705  0.2383 15.0000  0.0000    117882  0.9500
  0.03585    65.125     65.1247           0           0           0  34.0656   0.4685  0.1977 15.0000  0.0000    119880  0.9500
  0.03406    64.546     64.5463           0           0           0  34.0656   0.4274  0.2459 15.0000  0.0000    121878  0.9500
  0.03236    64.378      64.378           0           0           0  34.0656   0.4570  0.3018 14.8114  0.0000    123876  0.9500
  0.03074    64.121     64.1213           0           0           0  34.0656   0.4214  0.2692 15.0000  0.0000    125874  0.9500
  0.02920     63.62     63.6204           0           0           0  34.0656   0.4249  0.3362 14.7213  0.0000    127872  0.9500
  0.02774    63.126     63.1258           0           0           0  34.0656   0.4249  0.2735 14.4994  0.0000    129870  0.9500
  0.02636    62.895     62.8952           0           0           0  34.0656   0.4054  0.1687 14.2808  0.0000    131868  0.9500
  0.02504    62.601     62.6007           0           0           0  34.0656   0.3874  0.1723 13.7868  0.0000    133866  0.9500
  0.02379     62.33     62.3301           0           0           0  34.0656   0.3814  0.1575 13.0614  0.0000    135864  0.9500
  0.02260     62.25     62.2495           0           0           0  34.0656   0.4014  0.4374 12.2958  0.0000    137862  0.9500
  0.02147    61.732     61.7321           0           0           0  34.0656   0.4249  0.1671 11.8212  0.0000    139860  0.9500
  0.02039    61.371      61.371           0           0           0  34.0656   0.3684  0.1939 11.6430  0.0000    141858  0.9500
  0.01937    61.189     61.1892           0           0           0  34.0656   0.4039  0.1062 10.8090  0.0000    143856  0.9500
  0.01841    60.656     60.6557           0           0           0  34.0656   0.3554  0.2407 10.4188  0.0000    145854  0.9500
  0.01749    60.446     60.4458           0           0           0  34.0656   0.3864  0.2012  9.5369  0.0000    147852  0.9500
  0.01661    60.208     60.2078           0           0           0  34.0656   0.3604  0.2052  9.0256  0.0000    149850  0.9500
  0.01578    59.794     59.7939           0           0           0  34.0656   0.4069  0.1068  8.3068  0.0000    151848  0.9500
  0.01499    59.523     59.5231           0           0           0  34.0656   0.3594  0.1404  8.0319  0.0000    153846  0.9500
  0.01424    59.135     59.1351           0           0           0  34.0656   0.3443  0.1562  7.3842  0.0000    155844  0.9500
  0.01353    58.879     58.8788           0           0           0  34.0656   0.4144  0.1128  6.6779  0.0000    157842  0.9500
  0.01285    58.822     58.8221           0           0           0  34.0656   0.4029  0.1592  6.5070  0.0000    159840  0.9500
  0.01221    58.579     58.5787           0           0           0  34.0656   0.3674  0.1177  6.2656  0.0000    161838  0.9500
  0.01160    58.595     58.5949           0           0           0  34.0656   0.4134  0.0794  5.8105  0.0000    163836  0.9500
  0.01102    58.467     58.4669           0           0           0  34.0656   0.3844  0.1060  5.6560  0.0000    165834  0.9500
  0.01047     58.17     58.1704           0           0           0  34.0656   0.3754  0.0736  5.3415  0.0000    167832  0.9500
  0.00995    58.032     58.0318           0           0           0  34.0656   0.4219  0.0765  4.9963  0.0000    169830  0.9500
  0.00945    57.976     57.9758           0           0           0  34.0656   0.4139  0.0690  4.9060  0.0000    171828  0.9500
  0.00898    58.071     58.0709           0           0           0  34.0656   0.4074  0.1094  4.7780  0.0000    173826  0.9500
  0.00853    57.767     57.7667           0           0           0  34.0656   0.3744  0.0575  4.6223  0.0000    175824  0.9500
  0.00810    57.584     57.5839           0           0           0  34.0656   0.3679  0.0440  4.3189  0.0000    177822  0.9500
  0.00770    57.459     57.4592           0           0           0  34.0656   0.3408  0.0823  4.0074  0.0000    179820  0.9500
  0.00731    57.337     57.3366           0           0           0  34.0656   0.3904  0.0801  3.6100  0.0000    181818  0.9500
  0.00695    57.081     57.0809           0           0           0  34.0656   0.3889  0.0906  3.4309  0.0000    183816  0.9500
  0.00660    56.939     56.9388           0           0           0  34.0656   0.3739  0.0765  3.2556  0.0000    185814  0.9500
  0.00627    56.869     56.8687           0           0           0  34.0656   0.3478  0.0425  3.0403  0.0000    187812  0.9500
  0.00595    56.803      56.803           0           0           0  34.0656   0.4259  0.0386  2.7601  0.0000    189810  0.9500
  0.00566    56.714     56.7141           0           0           0  34.0656   0.3934  0.0581  2.7213  0.0000    191808  0.9500
  0.00537     56.72     56.7204           0           0           0  34.0656   0.4124  0.0350  2.5944  0.0000    193806  0.9500
  0.00511    56.558     56.5581           0           0           0  34.0656   0.3624  0.0357  2.5229  0.0000    195804  0.9500
  0.00485    56.534     56.5337           0           0           0  34.0656   0.3719  0.0264  2.3270  0.0000    197802  0.9500
  0.00461    56.433     56.4332           0           0           0  34.0656   0.3549  0.0400  2.1685  0.0000    199800  0.9500
  0.00438    56.366     56.3663           0           0           0  34.0656   0.4289  0.0226  1.9838  0.0000    201798  0.9500
  0.00416     56.41     56.4101           0           0           0  34.0656   0.4469  0.0255  1.9619  0.0000    203796  0.9500
  0.00395     56.31     56.3098           0           0           0  34.0656   0.4144  0.0334  1.9755  0.0000    205794  0.9500
  0.00375    56.238     56.2379           0           0           0  34.0656   0.3754  0.0257  1.9250  0.0000    207792  0.9500
  0.00357    56.246     56.2462           0           0           0  34.0656   0.3864  0.0215  1.8006  0.0000    209790  0.9500
  0.00339    56.247     56.2467           0           0           0  34.0656   0.3814  0.0150  1.7040  0.0000    211788  0.9500
  0.00322    56.174     56.1744           0           0           0  34.0656   0.3564  0.0496  1.6041  0.0000    213786  0.9500
  0.00306    56.101     56.1005           0           0           0  34.0656   0.3438  0.0117  1.4700  0.0000    215784  0.9500
  0.00290    56.119     56.1188           0           0           0  34.0656   0.3839  0.0151  1.3286  0.0000    217782  0.9500
  0.00276    56.106     56.1059           0           0           0  34.0656   0.3764  0.0187  1.2541  0.0000    219780  0.9500
  0.00262    56.066     56.0659           0           0           0  34.0656   0.3493  0.0175  1.1743  0.0000    221778  0.9500
  0.00249      56.1     56.0997           0           0           0  34.0656   0.3804  0.0101  1.0678  0.0000    223776  0.9500
  0.00237     56.05     56.0499           0           0           0  34.0656   0.3403  0.0177  1.0042  0.0000    225774  0.9500
  0.00225    56.051     56.0511           0           0           0  34.0656   0.3388  0.0069  1.0000  0.0000    227772  0.9500
  0.00213    56.029     56.0293           0           0           0  34.0656   0.3428  0.0114  1.0000  0.0000    229770  0.9500
  0.00203    56.005     56.0054           0           0           0  34.0656   0.3514  0.0046  1.0000  0.0000    231768  0.9500
  0.00193     56.01     56.0095           0           0           0  34.0656   0.3574  0.0057  1.0000  0.0000    233766  0.9500
  0.00183    55.991     55.9909           0           0           0  34.0656   0.3108  0.0058  1.0000  0.0000    235764  0.9500
  0.00174    56.001     56.0006           0           0           0  34.0656   0.3383  0.0088  1.0000  0.0000    237762  0.9500
  0.00165        56     55.9998           0           0           0  34.0656   0.3443  0.0112  1.0000  0.0000    239760  0.9500
  0.00157    55.989     55.9893           0           0           0  34.0656   0.3093  0.0000  1.0000  0.0000    241758  0.9500
  0.00149    55.991     55.9906           0           0           0  34.0656   0.3213  0.0028  1.0000  0.0000    243756  0.9500
  0.00142    55.984     55.9838           0           0           0  34.0656   0.3023  0.0053  1.0000  0.0000    245754  0.9500
  0.00135    55.984     55.9837           0           0           0  34.0656   0.3033  0.0045  1.0000  0.0000    247752  0.9500
  0.00128    55.987     55.9872           0           0           0  34.0656   0.2938  0.0023  1.0000  0.0000    249750  0.9500
  0.00121    55.985     55.9845           0           0           0  34.0656   0.2898  0.0000  1.0000  0.0000    251748  0.9500
  0.00115    55.984     55.9837           0           0           0  34.0656   0.3098  0.0000  1.0000  0.0000    253746  0.9500
  0.00110    55.987     55.9865           0           0           0  34.0656   0.3148  0.0000  1.0000  0.0000    255744  0.9500
  0.00104    55.984     55.9838           0           0           0  34.0656   0.3173  0.0084  1.0000  0.0000    257742  0.9500
  0.00099    55.984     55.9837           0           0           0  34.0656   0.2833  0.0007  1.0000  0.0000    259740  0.9500
  0.00094    55.982     55.9818           0           0           0  34.0656   0.3068  0.0037  1.0000  0.0000    261738  0.9500
  0.00089     55.98     55.9804           0           0           0  34.0656   0.2733  0.0015  1.0000  0.0000    263736  0.9500
  0.00085    55.982      55.982           0           0           0  34.0656   0.2818  0.0021  1.0000  0.0000    265734  0.9500
  0.00081    55.982     55.9816           0           0           0  34.0656   0.3093  0.0047  1.0000  0.0000    267732  0.9500
  0.00077    55.981     55.9814           0           0           0  34.0656   0.2798  0.0030  1.0000  0.0000    269730  0.9500
  0.00073    55.981     55.9807           0           0           0  34.0656   0.2928  0.0015  1.0000  0.0000    271728  0.9500
  0.00069     55.98     55.9801           0           0           0  34.0656   0.2858  0.0065  1.0000  0.0000    273726  0.9500
  0.00066    55.981     55.9813           0           0           0  34.0656   0.2778  0.0057  1.0000  0.0000    275724  0.9500
  0.00062    55.981      55.981           0           0           0  34.0656   0.3123  0.0058  1.0000  0.0000    277722  0.9500
  0.00059    55.981      55.981           0           0           0  34.0656   0.2868  0.0000  1.0000  0.0000    279720  0.9500
  0.00056     55.98     55.9803           0           0           0  34.0656   0.2973  0.0032  1.0000  0.0000    281718  0.9500
  0.00053    55.981     55.9806           0           0           0  34.0656   0.2938  0.0000  1.0000  0.0000    283716  0.9500
  0.00051     55.98     55.9798           0           0           0  34.0656   0.2668  0.0012  1.0000  0.0000    285714  0.9500
  0.00048    55.979     55.9791           0           0           0  34.0656   0.2813  0.0000  1.0000  0.0000    287712  0.9500
  0.00046    55.981     55.9805           0           0           0  34.0656   0.3098  0.0049  1.0000  0.0000    289710  0.9500
  0.00044    55.981     55.9811           0           0           0  34.0656   0.2928  0.0067  1.0000  0.0000    291708  0.9500
  0.00041    55.981     55.9806           0           0           0  34.0656   0.2958  0.0000  1.0000  0.0000    293706  0.9500
  0.00039     55.98     55.9802           0           0           0  34.0656   0.2828  0.0044  1.0000  0.0000    295704  0.9500
  0.00000    55.979      55.979           0           0           0            0.1306  0.0000  1.0000  0.0000    297702
