 48.18410    353.43      353.43           0           0           0  14.2919   0.9977  4.7969 18.0000  0.0000      6511  0.5000
 24.09205    355.61     355.615           0           0           0  14.2919   0.9971  4.0357 18.0000  0.0000     13022  0.5000
 12.04602    353.38     353.377           0           0           0  14.2919   0.9917  4.9119 18.0000  0.0000     19533  0.5000
  6.02301    352.29      352.29           0           0           0  14.2919   0.9868  3.2267 18.0000  0.0000     26044  0.5000
  3.01151    349.57     349.571           0           0           0  14.2919   0.9654  3.6344 18.0000  0.0000     32555  0.5000
  1.50575    339.12     339.117           0           0           0  14.2919   0.9289  4.6980 18.0000  0.0000     39066  0.9000
  1.35518    338.88     338.879           0           0           0  14.2919   0.9312  4.4628 18.0000  0.0000     45577  0.9000
  1.21966    336.14     336.141           0           0           0  14.2919   0.9152  4.0217 18.0000  0.0000     52088  0.9000
  1.09769     336.3     336.302           0           0           0  14.2919   0.9138  5.4838 18.0000  0.0000     58599  0.9000
  0.98792    333.59     333.587           0           0           0  14.2919   0.9049  2.5800 18.0000  0.0000     65110  0.9000
  0.88913    330.99     330.989           0           0           0  14.2919   0.8954  2.9303 18.0000  0.0000     71621  0.9000
  0.80022    330.14      330.14           0           0           0  14.2919   0.8814  4.3088 18.0000  0.0000     78132  0.9000
  0.72020    323.42     323.419           0           0           0  14.2919   0.8619  3.4787 18.0000  0.0000     84643  0.9000
  0.64818    319.29     319.286           0           0           0  14.2919   0.8450  4.7575 18.0000  0.0000     91154  0.9000
  0.58336    313.44     313.444           0           0           0  14.2919   0.8338  4.0970 18.0000  0.0000     97665  0.9000
  0.52502    309.86     309.857           0           0           0  14.2919   0.8191  2.9323 18.0000  0.0000    104176  0.9000
  0.47252    295.21     295.209           0           0           0  14.2919   0.7959  4.3183 18.0000  0.0000    110687  0.9500
  0.44890    293.22     293.221           0           0           0  14.2919   0.7718  4.2958 18.0000  0.0000    117198  0.9500
  0.42645    299.64     299.637           0           0           0  14.2919   0.7798  3.3611 18.0000  0.0000    123709  0.9500
  0.40513    292.12     292.119           0           0           0  14.2919   0.7753  3.1614 18.0000  0.0000    130220  0.9500
  0.38487    290.21     290.213           0           0           0  14.2919   0.7630  3.0131 18.0000  0.0000    136731  0.9500
  0.36563    284.75     284.753           0           0           0  14.2919   0.7452  4.2113 18.0000  0.0000    143242  0.9500
  0.34735     275.9     275.904           0           0           0  14.2919   0.7454  4.1050 18.0000  0.0000    149753  0.9500
  0.32998    272.35     272.348           0           0           0  14.2919   0.7318  2.3338 18.0000  0.0000    156264  0.9500
  0.31348    269.68     269.684           0           0           0  14.2919   0.7262  4.1924 18.0000  0.0000    162775  0.9500
  0.29781    263.28     263.276           0           0           0  14.2919   0.7148  1.9931 18.0000  0.0000    169286  0.9500
  0.28292    264.01     264.008           0           0           0  14.2919   0.6996  3.5435 18.0000  0.0000    175797  0.9500
  0.26877    262.73     262.726           0           0           0  14.2919   0.7074  2.3818 18.0000  0.0000    182308  0.9500
  0.25533    259.94     259.943           0           0           0  14.2919   0.6965  2.0865 18.0000  0.0000    188819  0.9500
  0.24257    253.65     253.646           0           0           0  14.2919   0.6753  1.9048 18.0000  0.0000    195330  0.9500
  0.23044    252.06     252.057           0           0           0  14.2919   0.6673  1.9381 18.0000  0.0000    201841  0.9500
  0.21891    255.83     255.832           0           0           0  14.2919   0.6704  1.6411 18.0000  0.0000    208352  0.9500
  0.20797    248.18     248.184           0           0           0  14.2919   0.6661  3.0016 18.0000  0.0000    214863  0.9500
  0.19757    245.41     245.409           0           0           0  14.2919   0.6369  1.6900 18.0000  0.0000    221374  0.9500
  0.18769    246.44     246.436           0           0           0  14.2919   0.6408  1.1273 18.0000  0.0000    227885  0.9500
  0.17831    242.19     242.194           0           0           0  14.2919   0.6272  2.0587 18.0000  0.0000    234396  0.9500
  0.16939    240.52     240.524           0           0           0  14.2919   0.6130  1.4996 18.0000  0.0000    240907  0.9500
  0.16092    239.53     239.534           0           0           0  14.2919   0.6117  1.1563 18.0000  0.0000    247418  0.9500
  0.15288    237.46     237.462           0           0           0  14.2919   0.5958  1.2946 18.0000  0.0000    253929  0.9500
  0.14523    233.53     233.529           0           0           0  14.2919   0.5773  1.3787 18.0000  0.0000    260440  0.9500
  0.13797    231.03      231.03           0           0           0  14.2919   0.5647  0.9809 18.0000  0.0000    266951  0.9500
  0.13107    228.75     228.749           0           0           0  14.2919   0.5617  1.2832 18.0000  0.0000    273462  0.9500
  0.12452    227.78     227.777           0           0           0  14.2919   0.5279  0.9145 18.0000  0.0000    279973  0.9500
  0.11829    225.12     225.117           0           0           0  14.2919   0.5204  1.0476 18.0000  0.0000    286484  0.9500
  0.11238    224.94     224.938           0           0           0  14.2919   0.5124  1.3284 18.0000  0.0000    292995  0.9500
  0.10676    224.98     224.982           0           0           0  14.2919   0.5141  1.1798 18.0000  0.0000    299506  0.9500
  0.10142     225.3     225.296           0           0           0  14.2919   0.4999  1.0784 18.0000  0.0000    306017  0.9500
  0.09635    221.54     221.539           0           0           0  14.2919   0.4686  1.1280 18.0000  0.0000    312528  0.9500
  0.09153    218.98     218.981           0           0           0  14.2919   0.4389  1.4997 18.0000  0.0000    319039  0.9500
  0.08696    215.15     215.146           0           0           0  14.2919   0.4718  1.4395 17.9811  0.0000    325550  0.9500
  0.08261    214.88     214.878           0           0           0  14.2919   0.4199  0.7339 18.0000  0.0000    332061  0.9500
  0.07848    213.81     213.812           0           0           0  14.2919   0.4621  0.9852 17.6383  0.0000    338572  0.9500
  0.07455    211.03     211.035           0           0           0  14.2919   0.4079  0.9678 18.0000  0.0000    345083  0.9500
  0.07083    208.32     208.316           0           0           0  14.2919   0.4236  0.7031 17.4227  0.0000    351594  0.9500
  0.06729    207.21     207.207           0           0           0  14.2919   0.4208  0.6009 17.1368  0.0000    358105  0.9500
  0.06392     207.1       207.1           0           0           0  14.2919   0.4125  0.6870 16.8082  0.0000    364616  0.9500
  0.06072    204.72     204.725           0           0           0  14.2919   0.4084  1.6074 16.3465  0.0000    371127  0.9500
  0.05769    203.83     203.829           0           0           0  14.2919   0.4039  0.4411 15.8297  0.0000    377638  0.9500
  0.05480    201.69     201.693           0           0           0  14.2919   0.3967  0.7948 15.2588  0.0000    384149  0.9500
  0.05206     200.8     200.796           0           0           0  14.2919   0.3921  0.4927 14.5983  0.0000    390660  0.9500
  0.04946     198.8     198.801           0           0           0  14.2919   0.4122  0.6167 13.8991  0.0000    397171  0.9500
  0.04699    197.67     197.675           0           0           0  14.2919   0.3910  0.4275 13.5131  0.0000    403682  0.9500
  0.04464    196.28     196.284           0           0           0  14.2919   0.4115  1.2828 12.8513  0.0000    410193  0.9500
  0.04241       195     195.003           0           0           0  14.2919   0.3832  0.4663 12.4845  0.0000    416704  0.9500
  0.04029     193.2     193.203           0           0           0  14.2919   0.3986  0.4237 11.7754  0.0000    423215  0.9500
  0.03827    192.79     192.789           0           0           0  14.2919   0.3857  0.3492 11.2874  0.0000    429726  0.9500
  0.03636    191.97     191.966           0           0           0  14.2919   0.4044  0.2857 10.6739  0.0000    436237  0.9500
  0.03454    190.47     190.467           0           0           0  14.2919   0.3869  0.7248 10.2939  0.0000    442748  0.9500
  0.03281    189.05     189.053           0           0           0  14.2919   0.4025  0.2724  9.7471  0.0000    449259  0.9500
  0.03117    188.28     188.282           0           0           0  14.2919   0.3775  0.6166  9.3821  0.0000    455770  0.9500
  0.02961    186.96     186.955           0           0           0  14.2919   0.4131  0.6512  8.7958  0.0000    462281  0.9500
  0.02813    185.74     185.737           0           0           0  14.2919   0.4016  0.4453  8.5596  0.0000    468792  0.9500
  0.02673    185.02     185.024           0           0           0  14.2919   0.3850  0.2786  8.2312  0.0000    475303  0.9500
  0.02539    183.99     183.993           0           0           0  14.2919   0.3998  0.4749  7.7788  0.0000    481814  0.9500
  0.02412    183.04     183.041           0           0           0  14.2919   0.3949  0.4177  7.4660  0.0000    488325  0.9500
  0.02291    181.99     181.987           0           0           0  14.2919   0.3757  0.2880  7.1290  0.0000    494836  0.9500
  0.02177    181.46     181.457           0           0           0  14.2919   0.4110  0.3348  6.6704  0.0000    501347  0.9500
  0.02068    180.88     180.883           0           0           0  14.2919   0.3996  0.3397  6.4770  0.0000    507858  0.9500
  0.01965     180.2     180.201           0           0           0  14.2919   0.3866  0.3555  6.2155  0.0000    514369  0.9500
  0.01866    179.64     179.635           0           0           0  14.2919   0.4164  0.3331  5.8835  0.0000    520880  0.9500
  0.01773    178.57      178.57           0           0           0  14.2919   0.4013  0.4138  5.7444  0.0000    527391  0.9500
  0.01684    177.85      177.85           0           0           0  14.2919   0.4010  0.1772  5.5223  0.0000    533902  0.9500
  0.01600    177.69     177.686           0           0           0  14.2919   0.3886  0.1332  5.3070  0.0000    540413  0.9500
  0.01520    177.28     177.282           0           0           0  14.2919   0.3938  0.2613  5.0340  0.0000    546924  0.9500
  0.01444    176.66     176.661           0           0           0  14.2919   0.4110  0.2523  4.8014  0.0000    553435  0.9500
  0.01372    175.96     175.955           0           0           0  14.2919   0.3967  0.1673  4.6622  0.0000    559946  0.9500
  0.01303    175.63     175.629           0           0           0  14.2919   0.3912  0.2461  4.4604  0.0000    566457  0.9500
  0.01238    175.09     175.093           0           0           0  14.2919   0.3751  0.1298  4.2426  0.0000    572968  0.9500
  0.01176    174.89     174.886           0           0           0  14.2919   0.4190  0.1414  3.9671  0.0000    579479  0.9500
  0.01117     174.4     174.399           0           0           0  14.2919   0.4107  0.2370  3.8837  0.0000    585990  0.9500
  0.01062    174.33     174.325           0           0           0  14.2919   0.4162  0.1013  3.7699  0.0000    592501  0.9500
  0.01009    173.95      173.95           0           0           0  14.2919   0.3875  0.1951  3.6803  0.0000    599012  0.9500
  0.00958    173.52     173.523           0           0           0  14.2919   0.3857  0.1703  3.4870  0.0000    605523  0.9500
  0.00910    172.99      172.99           0           0           0  14.2919   0.3658  0.0915  3.2975  0.0000    612034  0.9500
  0.00865    172.52     172.518           0           0           0  14.2919   0.3427  0.1037  3.0530  0.0000    618545  0.9500
  0.00821    172.42     172.417           0           0           0  14.2919   0.4127  0.1119  2.7558  0.0000    625056  0.9500
  0.00780    172.24     172.236           0           0           0  14.2919   0.4124  0.0693  2.6805  0.0000    631567  0.9500
  0.00741    171.75     171.751           0           0           0  14.2919   0.3895  0.2108  2.6065  0.0000    638078  0.9500
  0.00704    171.36     171.359           0           0           0  14.2919   0.3698  0.1543  2.4748  0.0000    644589  0.9500
  0.00669    171.16     171.159           0           0           0  14.2919   0.3655  0.0998  2.3012  0.0000    651100  0.9500
  0.00636    171.18     171.179           0           0           0  14.2919   0.3614  0.0702  2.1298  0.0000    657611  0.9500
  0.00604    171.01     171.008           0           0           0  14.2919   0.4379  0.0590  1.9624  0.0000    664122  0.9500
  0.00574    170.97     170.971           0           0           0  14.2919   0.4406  0.0606  1.9582  0.0000    670633  0.9500
  0.00545    170.97     170.972           0           0           0  14.2919   0.4359  0.0490  1.9595  0.0000    677144  0.9500
  0.00518    170.75     170.755           0           0           0  14.2919   0.4276  0.1144  1.9514  0.0000    683655  0.9500
  0.00492    170.68     170.679           0           0           0  14.2919   0.4210  0.0430  1.9272  0.0000    690166  0.9500
  0.00467    170.56     170.559           0           0           0  14.2919   0.4076  0.0460  1.8905  0.0000    696677  0.9500
  0.00444    170.49     170.488           0           0           0  14.2919   0.4030  0.0444  1.8293  0.0000    703188  0.9500
  0.00422    170.37     170.368           0           0           0  14.2919   0.3918  0.0442  1.7616  0.0000    709699  0.9500
  0.00401    170.21     170.215           0           0           0  14.2919   0.3915  0.0644  1.6767  0.0000    716210  0.9500
  0.00381    170.06     170.055           0           0           0  14.2919   0.3775  0.0402  1.5954  0.0000    722721  0.9500
  0.00362     170.1     170.098           0           0           0  14.2919   0.3758  0.0352  1.4957  0.0000    729232  0.9500
  0.00343    170.13     170.129           0           0           0  14.2919   0.3757  0.0613  1.3997  0.0000    735743  0.9500
  0.00326    170.01     170.012           0           0           0  14.2919   0.3526  0.0289  1.3097  0.0000    742254  0.9500
  0.00310    169.94     169.937           0           0           0  14.2919   0.3519  0.0436  1.1953  0.0000    748765  0.9500
  0.00294    169.85     169.855           0           0           0  14.2919   0.3571  0.0369  1.0899  0.0000    755276  0.9500
  0.00280    169.82     169.816           0           0           0  14.2919   0.3463  0.0188  1.0000  0.0000    761787  0.9500
  0.00266     169.8       169.8           0           0           0  14.2919   0.3445  0.0246  1.0000  0.0000    768298  0.9500
  0.00252    169.76     169.758           0           0           0  14.2919   0.3347  0.0261  1.0000  0.0000    774809  0.9500
  0.00240    169.73     169.729           0           0           0  14.2919   0.3278  0.0185  1.0000  0.0000    781320  0.9500
  0.00228    169.71     169.712           0           0           0  14.2919   0.3394  0.0282  1.0000  0.0000    787831  0.9500
  0.00216    169.64     169.644           0           0           0  14.2919   0.3222  0.0157  1.0000  0.0000    794342  0.9500
  0.00206    169.63     169.625           0           0           0  14.2919   0.3176  0.0135  1.0000  0.0000    800853  0.9500
  0.00195    169.63      169.63           0           0           0  14.2919   0.3110  0.0117  1.0000  0.0000    807364  0.9500
  0.00186    169.61     169.609           0           0           0  14.2919   0.3227  0.0174  1.0000  0.0000    813875  0.9500
  0.00176     169.6     169.602           0           0           0  14.2919   0.3155  0.0197  1.0000  0.0000    820386  0.9500
  0.00168    169.61     169.607           0           0           0  14.2919   0.3181  0.0077  1.0000  0.0000    826897  0.9500
  0.00159    169.57      169.57           0           0           0  14.2919   0.3070  0.0112  1.0000  0.0000    833408  0.9500
  0.00151    169.55     169.548           0           0           0  14.2919   0.3121  0.0050  1.0000  0.0000    839919  0.9500
  0.00144    169.55     169.555           0           0           0  14.2919   0.3035  0.0000  1.0000  0.0000    846430  0.9500
  0.00136    169.55     169.545           0           0           0  14.2919   0.3050  0.0000  1.0000  0.0000    852941  0.9500
  0.00130    169.54     169.544           0           0           0  14.2919   0.3006  0.0093  1.0000  0.0000    859452  0.9500
  0.00123    169.53     169.529           0           0           0  14.2919   0.3049  0.0000  1.0000  0.0000    865963  0.9500
  0.00117    169.53     169.528           0           0           0  14.2919   0.3020  0.0000  1.0000  0.0000    872474  0.9500
  0.00111    169.53     169.531           0           0           0  14.2919   0.3098  0.0134  1.0000  0.0000    878985  0.9500
  0.00106    169.53     169.527           0           0           0  14.2919   0.2907  0.0000  1.0000  0.0000    885496  0.9500
  0.00100    169.52      169.52           0           0           0  14.2919   0.3000  0.0078  1.0000  0.0000    892007  0.9500
  0.00095    169.52     169.517           0           0           0  14.2919   0.2983  0.0094  1.0000  0.0000    898518  0.9500
  0.00091    169.48     169.484           0           0           0  14.2919   0.2926  0.0079  1.0000  0.0000    905029  0.9500
  0.00086    169.48     169.483           0           0           0  14.2919   0.2828  0.0137  1.0000  0.0000    911540  0.9500
  0.00082    169.48     169.478           0           0           0  14.2919   0.2889  0.0148  1.0000  0.0000    918051  0.9500
  0.00078    169.48     169.479           0           0           0  14.2919   0.2809  0.0146  1.0000  0.0000    924562  0.9500
  0.00074    169.48      169.48           0           0           0  14.2919   0.2820  0.0134  1.0000  0.0000    931073  0.9500
  0.00070    169.48     169.478           0           0           0  14.2919   0.2924  0.0054  1.0000  0.0000    937584  0.9500
  0.00067    169.48      169.48           0           0           0  14.2919   0.2851  0.0147  1.0000  0.0000    944095  0.9500
  0.00063    169.48     169.477           0           0           0  14.2919   0.2718  0.0198  1.0000  0.0000    950606  0.9500
  0.00060    169.48     169.481           0           0           0  14.2919   0.2851  0.0000  1.0000  0.0000    957117  0.9500
  0.00057    169.48     169.478           0           0           0  14.2919   0.2826  0.0043  1.0000  0.0000    963628  0.9500
  0.00054    169.48     169.476           0           0           0  14.2919   0.2903  0.0000  1.0000  0.0000    970139  0.9500
  0.00051    169.48     169.476           0           0           0  14.2919   0.2917  0.0000  1.0000  0.0000    976650  0.9500
  0.00049    169.48     169.477           0           0           0  14.2919   0.2785  0.0136  1.0000  0.0000    983161  0.9500
  0.00046    169.48     169.475           0           0           0  14.2919   0.3015  0.0191  1.0000  0.0000    989672  0.9500
  0.00044    169.48     169.477           0           0           0  14.2919   0.2840  0.0176  1.0000  0.0000    996183  0.9500
  0.00000    169.47     169.475           0           0           0            0.1505  0.0108  1.0000  0.0000   1002694
