  5.21194    108.48     108.481           0           0           0  34.0656   0.9830  1.1326 15.0000  0.0000      1998  0.5000
  2.60597    108.33     108.332           0           0           0  34.0656   0.9755  1.4172 15.0000  0.0000      3996  0.5000
  1.30299    106.18     106.177           0           0           0  34.0656   0.9730  0.5179 15.0000  0.0000      5994  0.5000
  0.65149    103.13     103.131           0           0           0  34.0656   0.9640  1.0858 15.0000  0.0000      7992  0.5000
  0.32575    99.925     99.9247           0           0           0  34.0656   0.9489  2.0065 15.0000  0.0000      9990  0.9000
  0.29317    96.241     96.2405           0           0           0  34.0656   0.9424  0.7501 15.0000  0.0000     11988  0.9000
  0.26385    94.915     94.9147           0           0           0  34.0656   0.9369  0.5514 15.0000  0.0000     13986  0.9000
  0.23747    94.199     94.1988           0           0           0  34.0656   0.9249  0.8318 15.0000  0.0000     15984  0.9000
  0.21372    91.711     91.7106           0           0           0  34.0656   0.9314  0.5742 15.0000  0.0000     17982  0.9000
  0.19235    91.285     91.2852           0           0           0  34.0656   0.9279  0.5482 15.0000  0.0000     19980  0.9000
  0.17312    90.971     90.9708           0           0           0  34.0656   0.9104  0.4219 15.0000  0.0000     21978  0.9000
  0.15580    90.611     90.6111           0           0           0  34.0656   0.9149  0.3304 15.0000  0.0000     23976  0.9000
  0.14022    89.988     89.9882           0           0           0  34.0656   0.9109  0.6515 15.0000  0.0000     25974  0.9000
  0.12620    88.708     88.7077           0           0           0  34.0656   0.9019  0.2804 15.0000  0.0000     27972  0.9000
  0.11358    88.784     88.7838           0           0           0  34.0656   0.8994  0.7097 15.0000  0.0000     29970  0.9000
  0.10222    87.551      87.551           0           0           0  34.0656   0.8814  0.3587 15.0000  0.0000     31968  0.9000
  0.09200    87.029     87.0292           0           0           0  34.0656   0.8674  0.4008 15.0000  0.0000     33966  0.9000
  0.08280    86.131     86.1312           0           0           0  34.0656   0.8664  0.1753 15.0000  0.0000     35964  0.9000
  0.07452    86.563     86.5629           0           0           0  34.0656   0.8584  0.4049 15.0000  0.0000     37962  0.9000
  0.06707    86.166     86.1658           0           0           0  34.0656   0.8664  0.3739 15.0000  0.0000     39960  0.9000
  0.06036    85.426     85.4258           0           0           0  34.0656   0.8428  0.1764 15.0000  0.0000     41958  0.9000
  0.05433    84.781     84.7808           0           0           0  34.0656   0.8248  0.5091 15.0000  0.0000     43956  0.9000
  0.04889    83.674     83.6745           0           0           0  34.0656   0.8223  0.5431 15.0000  0.0000     45954  0.9000
  0.04400    82.703     82.7032           0           0           0  34.0656   0.8018  0.1170 15.0000  0.0000     47952  0.9000
  0.03960    82.309     82.3091           0           0           0  34.0656   0.8003  0.1503 15.0000  0.0000     49950  0.9000
  0.03564    82.059     82.0595           0           0           0  34.0656   0.7928  0.1116 15.0000  0.0000     51948  0.9500
  0.03386    81.615     81.6145           0           0           0  34.0656   0.7838  0.1349 15.0000  0.0000     53946  0.9500
  0.03217    81.154     81.1541           0           0           0  34.0656   0.7843  0.3269 15.0000  0.0000     55944  0.9500
  0.03056    80.643     80.6433           0           0           0  34.0656   0.7843  0.1247 15.0000  0.0000     57942  0.9500
  0.02903    80.427     80.4267           0           0           0  34.0656   0.7723  0.1578 15.0000  0.0000     59940  0.9500
  0.02758    80.123     80.1228           0           0           0  34.0656   0.7648  0.1438 15.0000  0.0000     61938  0.9500
  0.02620    79.551     79.5514           0           0           0  34.0656   0.7412  0.3109 15.0000  0.0000     63936  0.9500
  0.02489    79.194     79.1938           0           0           0  34.0656   0.7573  0.0834 15.0000  0.0000     65934  0.9500
  0.02365    78.814     78.8138           0           0           0  34.0656   0.7367  0.2308 15.0000  0.0000     67932  0.9500
  0.02246     78.27     78.2702           0           0           0  34.0656   0.7457  0.1052 15.0000  0.0000     69930  0.9500
  0.02134    77.974     77.9742           0           0           0  34.0656   0.7252  0.1565 15.0000  0.0000     71928  0.9500
  0.02027    77.605      77.605           0           0           0  34.0656   0.7092  0.1071 15.0000  0.0000     73926  0.9500
  0.01926    77.165     77.1654           0           0           0  34.0656   0.7252  0.1853 15.0000  0.0000     75924  0.9500
  0.01830    76.807     76.8073           0           0           0  34.0656   0.7112  0.1241 15.0000  0.0000     77922  0.9500
  0.01738    76.571     76.5711           0           0           0  34.0656   0.6982  0.1194 15.0000  0.0000     79920  0.9500
  0.01651    76.233     76.2329           0           0           0  34.0656   0.6927  0.0892 15.0000  0.0000     81918  0.9500
  0.01569    75.749     75.7494           0           0           0  34.0656   0.6852  0.2727 15.0000  0.0000     83916  0.9500
  0.01490    75.286     75.2861           0           0           0  34.0656   0.6847  0.0610 15.0000  0.0000     85914  0.9500
  0.01416     75.26     75.2597           0           0           0  34.0656   0.6471  0.1029 15.0000  0.0000     87912  0.9500
  0.01345     75.11     75.1099           0           0           0  34.0656   0.6652  0.1347 15.0000  0.0000     89910  0.9500
  0.01278     74.84     74.8405           0           0           0  34.0656   0.6617  0.1148 15.0000  0.0000     91908  0.9500
  0.01214    74.497     74.4968           0           0           0  34.0656   0.6366  0.1097 15.0000  0.0000     93906  0.9500
  0.01153    74.296      74.296           0           0           0  34.0656   0.6286  0.1003 15.0000  0.0000     95904  0.9500
  0.01096    74.067     74.0666           0           0           0  34.0656   0.6321  0.1506 15.0000  0.0000     97902  0.9500
  0.01041    73.564     73.5642           0           0           0  34.0656   0.5951  0.0974 15.0000  0.0000     99900  0.9500
  0.00989    73.272     73.2718           0           0           0  34.0656   0.5921  0.0523 15.0000  0.0000    101898  0.9500
  0.00939    72.957     72.9574           0           0           0  34.0656   0.5801  0.1078 15.0000  0.0000    103896  0.9500
  0.00892    72.854     72.8543           0           0           0  34.0656   0.5495  0.0439 15.0000  0.0000    105894  0.9500
  0.00848    72.807     72.8066           0           0           0  34.0656   0.5495  0.0422 15.0000  0.0000    107892  0.9500
  0.00805    72.654     72.6538           0           0           0  34.0656   0.5571  0.1092 15.0000  0.0000    109890  0.9500
  0.00765    72.333     72.3334           0           0           0  34.0656   0.5375  0.0969 15.0000  0.0000    111888  0.9500
  0.00727    72.192     72.1924           0           0           0  34.0656   0.5120  0.0809 15.0000  0.0000    113886  0.9500
  0.00690    72.092     72.0924           0           0           0  34.0656   0.5075  0.0432 15.0000  0.0000    115884  0.9500
  0.00656    71.958     71.9577           0           0           0  34.0656   0.4920  0.0768 15.0000  0.0000    117882  0.9500
  0.00623    71.757      71.757           0           0           0  34.0656   0.4720  0.0941 15.0000  0.0000    119880  0.9500
  0.00592    71.559      71.559           0           0           0  34.0656   0.4765  0.0441 15.0000  0.0000    121878  0.9500
  0.00562    71.449     71.4487           0           0           0  34.0656   0.4414  0.0485 15.0000  0.0000    123876  0.9500
  0.00534    71.389     71.3893           0           0           0  34.0656   0.4274  0.0372 15.0000  0.0000    125874  0.9500
  0.00508    71.322      71.322           0           0           0  34.0656   0.3974  0.0467 14.8114  0.0000    127872  0.9500
  0.00482    71.319     71.3189           0           0           0  34.0656   0.3994  0.0634 14.1804  0.0000    129870  0.9500
  0.00458    71.267     71.2675           0           0           0  34.0656   0.4244  0.0833 13.6047  0.0000    131868  0.9500
  0.00435    71.189     71.1895           0           0           0  34.0656   0.4149  0.0270 13.3928  0.0000    133866  0.9500
  0.00413     71.19     71.1901           0           0           0  34.0656   0.4064  0.0281 13.0568  0.0000    135864  0.9500
  0.00393    71.103     71.1028           0           0           0  34.0656   0.3814  0.0511 12.6182  0.0000    137862  0.9500
  0.00373    71.006     71.0057           0           0           0  34.0656   0.3844  0.0297 11.8785  0.0000    139860  0.9500
  0.00354    70.948     70.9475           0           0           0  34.0656   0.3614  0.0215 11.2179  0.0000    141858  0.9500
  0.00337    70.956     70.9558           0           0           0  34.0656   0.3704  0.0189 10.3357  0.0000    143856  0.9500
  0.00320    70.885     70.8851           0           0           0  34.0656   0.3348  0.0399  9.6161  0.0000    145854  0.9500
  0.00304    70.808     70.8079           0           0           0  34.0656   0.3443  0.0237  8.6048  0.0000    147852  0.9500
  0.00289    70.827     70.8268           0           0           0  34.0656   0.3514  0.0130  7.7817  0.0000    149850  0.9500
  0.00274    70.783     70.7827           0           0           0  34.0656   0.3423  0.0110  7.0919  0.0000    151848  0.9500
  0.00261    70.763     70.7634           0           0           0  34.0656   0.3263  0.0147  6.3993  0.0000    153846  0.9500
  0.00248    70.763     70.7635           0           0           0  34.0656   0.3108  0.0213  5.6719  0.0000    155844  0.9500
  0.00235    70.777     70.7769           0           0           0  34.0656   0.3328  0.0159  4.9391  0.0000    157842  0.9500
  0.00223    70.729      70.729           0           0           0  34.0656   0.3273  0.0306  4.4098  0.0000    159840  0.9500
  0.00212    70.667     70.6672           0           0           0  34.0656   0.2948  0.0185  3.9129  0.0000    161838  0.9500
  0.00202    70.645     70.6452           0           0           0  34.0656   0.3078  0.0088  3.3448  0.0000    163836  0.9500
  0.00192    70.645     70.6454           0           0           0  34.0656   0.3098  0.0080  2.9026  0.0000    165834  0.9500
  0.00182    70.676     70.6764           0           0           0  34.0656   0.2878  0.0087  2.5247  0.0000    167832  0.9500
  0.00173    70.654     70.6536           0           0           0  34.0656   0.3013  0.0126  2.1404  0.0000    169830  0.9500
  0.00164    70.625      70.625           0           0           0  34.0656   0.2873  0.0000  1.8435  0.0000    171828  0.9500
  0.00156    70.585     70.5845           0           0           0  34.0656   0.3098  0.0234  1.5620  0.0000    173826  0.9500
  0.00148    70.552     70.5517           0           0           0  34.0656   0.2873  0.0035  1.3587  0.0000    175824  0.9500
  0.00141    70.553     70.5527           0           0           0  34.0656   0.2998  0.0000  1.1512  0.0000    177822  0.9500
  0.00134    70.557     70.5572           0           0           0  34.0656   0.2993  0.0082  1.0000  0.0000    179820  0.9500
  0.00127     70.55     70.5504           0           0           0  34.0656   0.2803  0.0000  1.0000  0.0000    181818  0.9500
  0.00121     70.55     70.5499           0           0           0  34.0656   0.2808  0.0061  1.0000  0.0000    183816  0.9500
  0.00115     70.55     70.5499           0           0           0  34.0656   0.3208  0.0052  1.0000  0.0000    185814  0.9500
  0.00109     70.55       70.55           0           0           0  34.0656   0.3083  0.0050  1.0000  0.0000    187812  0.9500
  0.00103    70.549     70.5491           0           0           0  34.0656   0.3083  0.0064  1.0000  0.0000    189810  0.9500
  0.00098    70.549     70.5491           0           0           0  34.0656   0.3223  0.0044  1.0000  0.0000    191808  0.9500
  0.00093    70.547     70.5468           0           0           0  34.0656   0.2813  0.0120  1.0000  0.0000    193806  0.9500
  0.00089    70.547     70.5473           0           0           0  34.0656   0.2933  0.0087  1.0000  0.0000    195804  0.9500
  0.00084    70.548     70.5475           0           0           0  34.0656   0.2778  0.0018  1.0000  0.0000    197802  0.9500
  0.00080     70.55     70.5497           0           0           0  34.0656   0.3023  0.0035  1.0000  0.0000    199800  0.9500
  0.00076    70.548     70.5484           0           0           0  34.0656   0.2948  0.0050  1.0000  0.0000    201798  0.9500
  0.00072    70.549     70.5487           0           0           0  34.0656   0.2718  0.0016  1.0000  0.0000    203796  0.9500
  0.00069    70.548     70.5482           0           0           0  34.0656   0.2723  0.0063  1.0000  0.0000    205794  0.9500
  0.00065    70.548     70.5482           0           0           0  34.0656   0.2983  0.0061  1.0000  0.0000    207792  0.9500
  0.00062    70.547     70.5471           0           0           0  34.0656   0.2988  0.0000  1.0000  0.0000    209790  0.9500
  0.00059    70.546     70.5462           0           0           0  34.0656   0.2753  0.0000  1.0000  0.0000    211788  0.9500
  0.00056    70.547     70.5474           0           0           0  34.0656   0.2853  0.0000  1.0000  0.0000    213786  0.9500
  0.00053    70.547     70.5474           0           0           0  34.0656   0.3038  0.0000  1.0000  0.0000    215784  0.9500
  0.00050    70.547     70.5468           0           0           0  34.0656   0.2823  0.0000  1.0000  0.0000    217782  0.9500
  0.00000    70.546     70.5462           0           0           0            0.1491  0.0000  1.0000  0.0000    219780
  8.13485    102.85     102.852           0           0           0  34.0656   0.9800  0.5715 15.0000  0.0000      1998  0.5000
  4.06743    100.89     100.895           0           0           0  34.0656   0.9845  0.9101 15.0000  0.0000      3996  0.5000
  2.03371     100.6     100.599           0           0           0  34.0656   0.9735  1.2863 15.0000  0.0000      5994  0.5000
  1.01686    102.33     102.335           0           0           0  34.0656   0.9685  1.1115 15.0000  0.0000      7992  0.5000
  0.50843    96.543     96.5433           0           0           0  34.0656   0.9484  1.3858 15.0000  0.0000      9990  0.9000
  0.45759    98.194     98.1941           0           0           0  34.0656   0.9600  1.0512 15.0000  0.0000     11988  0.9000
  0.41183    97.917     97.9166           0           0           0  34.0656   0.9540  0.7388 15.0000  0.0000     13986  0.9000
  0.37064    96.276     96.2759           0           0           0  34.0656   0.9535  1.3354 15.0000  0.0000     15984  0.9000
  0.33358    93.448     93.4481           0           0           0  34.0656   0.9479  0.5914 15.0000  0.0000     17982  0.9000
  0.30022    92.567     92.5673           0           0           0  34.0656   0.9449  0.7564 15.0000  0.0000     19980  0.9000
  0.27020    91.935      91.935           0           0           0  34.0656   0.9464  0.3772 15.0000  0.0000     21978  0.9000
  0.24318    90.647     90.6475           0           0           0  34.0656   0.9349  0.8064 15.0000  0.0000     23976  0.9000
  0.21886    89.491      89.491           0           0           0  34.0656   0.9274  0.7923 15.0000  0.0000     25974  0.9000
  0.19698    87.908     87.9078           0           0           0  34.0656   0.9209  0.4940 15.0000  0.0000     27972  0.9000
  0.17728    87.209     87.2091           0           0           0  34.0656   0.9139  0.4314 15.0000  0.0000     29970  0.9000
  0.15955    86.603      86.603           0           0           0  34.0656   0.9044  0.4550 15.0000  0.0000     31968  0.9000
  0.14360    86.409     86.4087           0           0           0  34.0656   0.9109  0.6818 15.0000  0.0000     33966  0.9000
  0.12924    85.495     85.4954           0           0           0  34.0656   0.9134  0.2431 15.0000  0.0000     35964  0.9000
  0.11631    85.431     85.4308           0           0           0  34.0656   0.8944  0.5234 15.0000  0.0000     37962  0.9000
  0.10468    85.034     85.0336           0           0           0  34.0656   0.8944  0.4905 15.0000  0.0000     39960  0.9000
  0.09421    83.785     83.7849           0           0           0  34.0656   0.8674  0.5814 15.0000  0.0000     41958  0.9000
  0.08479    83.809     83.8087           0           0           0  34.0656   0.8694  0.3784 15.0000  0.0000     43956  0.9000
  0.07631    82.835     82.8354           0           0           0  34.0656   0.8759  0.3309 15.0000  0.0000     45954  0.9000
  0.06868    81.853     81.8534           0           0           0  34.0656   0.8473  0.4664 15.0000  0.0000     47952  0.9000
  0.06181    81.018     81.0178           0           0           0  34.0656   0.8328  0.1892 15.0000  0.0000     49950  0.9000
  0.05563    79.835     79.8349           0           0           0  34.0656   0.8443  0.3404 15.0000  0.0000     51948  0.9000
  0.05007    79.786      79.786           0           0           0  34.0656   0.8243  0.1486 15.0000  0.0000     53946  0.9000
  0.04506    79.362     79.3624           0           0           0  34.0656   0.8088  0.2168 15.0000  0.0000     55944  0.9000
  0.04056    78.708     78.7083           0           0           0  34.0656   0.8023  0.3319 15.0000  0.0000     57942  0.9000
  0.03650    78.185     78.1848           0           0           0  34.0656   0.8023  0.2205 15.0000  0.0000     59940  0.9000
  0.03285     77.98     77.9798           0           0           0  34.0656   0.7718  0.1011 15.0000  0.0000     61938  0.9500
  0.03121     77.66     77.6599           0           0           0  34.0656   0.8013  0.1279 15.0000  0.0000     63936  0.9000
  0.02809    77.177     77.1766           0           0           0  34.0656   0.7633  0.2304 15.0000  0.0000     65934  0.9500
  0.02668      76.4     76.3996           0           0           0  34.0656   0.7578  0.1828 15.0000  0.0000     67932  0.9500
  0.02535     75.82     75.8202           0           0           0  34.0656   0.7523  0.1013 15.0000  0.0000     69930  0.9500
  0.02408    75.598     75.5985           0           0           0  34.0656   0.7518  0.1928 15.0000  0.0000     71928  0.9500
  0.02288    75.065     75.0654           0           0           0  34.0656   0.7618  0.1009 15.0000  0.0000     73926  0.9500
  0.02173    74.906     74.9061           0           0           0  34.0656   0.7392  0.1103 15.0000  0.0000     75924  0.9500
  0.02065    74.704     74.7035           0           0           0  34.0656   0.7332  0.0837 15.0000  0.0000     77922  0.9500
  0.01961    74.446     74.4459           0           0           0  34.0656   0.7192  0.1598 15.0000  0.0000     79920  0.9500
  0.01863    73.712     73.7121           0           0           0  34.0656   0.7252  0.1054 15.0000  0.0000     81918  0.9500
  0.01770    73.585      73.585           0           0           0  34.0656   0.7127  0.1276 15.0000  0.0000     83916  0.9500
  0.01682    73.128     73.1276           0           0           0  34.0656   0.6902  0.1241 15.0000  0.0000     85914  0.9500
  0.01598    72.718      72.718           0           0           0  34.0656   0.6792  0.2127 15.0000  0.0000     87912  0.9500
  0.01518    72.186     72.1856           0           0           0  34.0656   0.6867  0.0893 15.0000  0.0000     89910  0.9500
  0.01442    71.593     71.5929           0           0           0  34.0656   0.6662  0.3006 15.0000  0.0000     91908  0.9500
  0.01370    71.225     71.2253           0           0           0  34.0656   0.6466  0.0651 15.0000  0.0000     93906  0.9500
  0.01301    71.258     71.2581           0           0           0  34.0656   0.6306  0.0968 15.0000  0.0000     95904  0.9500
  0.01236    70.997     70.9974           0           0           0  34.0656   0.6216  0.1410 15.0000  0.0000     97902  0.9500
  0.01174    70.781     70.7807           0           0           0  34.0656   0.6016  0.1111 15.0000  0.0000     99900  0.9500
  0.01116     70.79     70.7897           0           0           0  34.0656   0.5956  0.0696 15.0000  0.0000    101898  0.9500
  0.01060    70.712     70.7116           0           0           0  34.0656   0.5651  0.0652 15.0000  0.0000    103896  0.9500
  0.01007    70.304     70.3041           0           0           0  34.0656   0.5781  0.1573 15.0000  0.0000    105894  0.9500
  0.00957    70.163      70.163           0           0           0  34.0656   0.5706  0.0678 15.0000  0.0000    107892  0.9500
  0.00909     70.09     70.0905           0           0           0  34.0656   0.5616  0.0679 15.0000  0.0000    109890  0.9500
  0.00863    69.877     69.8769           0           0           0  34.0656   0.5561  0.0829 15.0000  0.0000    111888  0.9500
  0.00820    69.755     69.7547           0           0           0  34.0656   0.5370  0.0760 15.0000  0.0000    113886  0.9500
  0.00779    69.694     69.6942           0           0           0  34.0656   0.5310  0.0639 15.0000  0.0000    115884  0.9500
  0.00740    69.707     69.7069           0           0           0  34.0656   0.5080  0.0645 15.0000  0.0000    117882  0.9500
  0.00703    69.591     69.5909           0           0           0  34.0656   0.5140  0.0356 15.0000  0.0000    119880  0.9500
  0.00668    69.526     69.5265           0           0           0  34.0656   0.4915  0.0988 15.0000  0.0000    121878  0.9500
  0.00635    69.097     69.0968           0           0           0  34.0656   0.4780  0.0853 15.0000  0.0000    123876  0.9500
  0.00603    68.915     68.9153           0           0           0  34.0656   0.4520  0.0475 15.0000  0.0000    125874  0.9500
  0.00573    68.853     68.8527           0           0           0  34.0656   0.4655  0.0528 15.0000  0.0000    127872  0.9500
  0.00544    68.753     68.7532           0           0           0  34.0656   0.4499  0.1155 15.0000  0.0000    129870  0.9500
  0.00517    68.522     68.5216           0           0           0  34.0656   0.4304  0.0410 15.0000  0.0000    131868  0.9500
  0.00491     68.34     68.3403           0           0           0  34.0656   0.4089  0.0853 14.8565  0.0000    133866  0.9500
  0.00466    68.197     68.1974           0           0           0  34.0656   0.3884  0.0441 14.3946  0.0000    135864  0.9500
  0.00443    68.094     68.0941           0           0           0  34.0656   0.3829  0.0366 13.6516  0.0000    137862  0.9500
  0.00421    68.015     68.0149           0           0           0  34.0656   0.3754  0.0246 12.8719  0.0000    139860  0.9500
  0.00400    67.958     67.9576           0           0           0  34.0656   0.3819  0.0296 12.0400  0.0000    141858  0.9500
  0.00380    67.899     67.8988           0           0           0  34.0656   0.3664  0.0526 11.3403  0.0000    143856  0.9500
  0.00361    67.771     67.7707           0           0           0  34.0656   0.3834  0.0303 10.5053  0.0000    145854  0.9500
  0.00343    67.672     67.6725           0           0           0  34.0656   0.3308  0.0295  9.9105  0.0000    147852  0.9500
  0.00326    67.631     67.6313           0           0           0  34.0656   0.3609  0.0262  8.8286  0.0000    149850  0.9500
  0.00309    67.587     67.5872           0           0           0  34.0656   0.3483  0.0290  8.1299  0.0000    151848  0.9500
  0.00294    67.564     67.5635           0           0           0  34.0656   0.3549  0.0338  7.3848  0.0000    153846  0.9500
  0.00279    67.492      67.492           0           0           0  34.0656   0.3263  0.0189  6.7560  0.0000    155844  0.9500
  0.00265    67.473     67.4725           0           0           0  34.0656   0.3248  0.0189  5.9880  0.0000    157842  0.9500
  0.00252    67.459     67.4588           0           0           0  34.0656   0.3168  0.0149  5.2983  0.0000    159840  0.9500
  0.00239    67.438     67.4382           0           0           0  34.0656   0.3148  0.0138  4.6457  0.0000    161838  0.9500
  0.00227    67.445     67.4447           0           0           0  34.0656   0.2998  0.0088  4.0641  0.0000    163836  0.9500
  0.00216    67.405     67.4052           0           0           0  34.0656   0.3003  0.0155  3.4943  0.0000    165834  0.9500
  0.00205    67.394     67.3939           0           0           0  34.0656   0.2843  0.0235  3.0062  0.0000    167832  0.9500
  0.00195    67.391     67.3912           0           0           0  34.0656   0.3033  0.0188  2.5381  0.0000    169830  0.9500
  0.00185    67.387     67.3873           0           0           0  34.0656   0.2943  0.0048  2.1911  0.0000    171828  0.9500
  0.00176    67.388     67.3876           0           0           0  34.0656   0.3123  0.0086  1.8719  0.0000    173826  0.9500
  0.00167    67.385     67.3849           0           0           0  34.0656   0.2783  0.0062  1.6328  0.0000    175824  0.9500
  0.00159    67.366     67.3659           0           0           0  34.0656   0.2798  0.0100  1.3688  0.0000    177822  0.9500
  0.00151    67.344     67.3436           0           0           0  34.0656   0.2753  0.0000  1.1495  0.0000    179820  0.9500
  0.00143    67.342     67.3418           0           0           0  34.0656   0.2993  0.0028  1.0000  0.0000    181818  0.9500
  0.00136    67.342     67.3421           0           0           0  34.0656   0.2718  0.0053  1.0000  0.0000    183816  0.9500
  0.00129    67.344     67.3439           0           0           0  34.0656   0.2898  0.0000  1.0000  0.0000    185814  0.9500
  0.00123    67.353     67.3525           0           0           0  34.0656   0.2853  0.0040  1.0000  0.0000    187812  0.9500
  0.00117    67.355     67.3549           0           0           0  34.0656   0.2783  0.0000  1.0000  0.0000    189810  0.9500
  0.00111    67.352     67.3516           0           0           0  34.0656   0.2708  0.0000  1.0000  0.0000    191808  0.9500
  0.00105    67.343     67.3429           0           0           0  34.0656   0.2873  0.0057  1.0000  0.0000    193806  0.9500
  0.00100    67.329     67.3287           0           0           0  34.0656   0.2613  0.0000  1.0000  0.0000    195804  0.9500
  0.00095    67.331     67.3306           0           0           0  34.0656   0.2718  0.0000  1.0000  0.0000    197802  0.9500
  0.00090    67.332     67.3319           0           0           0  34.0656   0.2853  0.0000  1.0000  0.0000    199800  0.9500
  0.00086    67.331     67.3313           0           0           0  34.0656   0.2698  0.0000  1.0000  0.0000    201798  0.9500
  0.00082    67.331     67.3309           0           0           0  34.0656   0.2768  0.0053  1.0000  0.0000    203796  0.9500
  0.00077    67.329     67.3293           0           0           0  34.0656   0.2643  0.0030  1.0000  0.0000    205794  0.9500
  0.00074    67.328     67.3285           0           0           0  34.0656   0.2703  0.0000  1.0000  0.0000    207792  0.9500
  0.00070     67.33     67.3296           0           0           0  34.0656   0.2603  0.0055  1.0000  0.0000    209790  0.9500
  0.00066     67.33     67.3299           0           0           0  34.0656   0.2818  0.0000  1.0000  0.0000    211788  0.9500
  0.00063     67.33     67.3295           0           0           0  34.0656   0.2893  0.0000  1.0000  0.0000    213786  0.9500
  0.00060    67.329     67.3289           0           0           0  34.0656   0.2553  0.0059  1.0000  0.0000    215784  0.9500
  0.00057    67.328     67.3279           0           0           0  34.0656   0.2623  0.0107  1.0000  0.0000    217782  0.9500
  0.00054    67.328     67.3284           0           0           0  34.0656   0.2588  0.0102  1.0000  0.0000    219780  0.9500
  0.00051    67.329     67.3289           0           0           0  34.0656   0.2718  0.0059  1.0000  0.0000    221778  0.9500
  0.00049    67.327      67.327           0           0           0  34.0656   0.2638  0.0000  1.0000  0.0000    223776  0.9500
  0.00000    67.327     67.3266           0           0           0            0.1286  0.0000  1.0000  0.0000    225774
 13.55756    105.43      105.43           0           0           0  34.0656   0.9820  0.7981 15.0000  0.0000      1998  0.5000
  6.77878    105.91     105.907           0           0           0  34.0656   0.9815  1.3948 15.0000  0.0000      3996  0.5000
  3.38939    103.33     103.334           0           0           0  34.0656   0.9765  1.3913 15.0000  0.0000      5994  0.5000
  1.69469    101.97     101.971           0           0           0  34.0656   0.9710  0.9130 15.0000  0.0000      7992  0.5000
  0.84735    100.01     100.013           0           0           0  34.0656   0.9685  0.7211 15.0000  0.0000      9990  0.5000
  0.42367     96.37     96.3696           0           0           0  34.0656   0.9515  1.1200 15.0000  0.0000     11988  0.9000
  0.38131    95.803     95.8035           0           0           0  34.0656   0.9505  0.7003 15.0000  0.0000     13986  0.9000
  0.34318    94.685     94.6845           0           0           0  34.0656   0.9394  0.8558 15.0000  0.0000     15984  0.9000
  0.30886    95.333     95.3326           0           0           0  34.0656   0.9494  0.8125 15.0000  0.0000     17982  0.9000
  0.27797    94.606     94.6061           0           0           0  34.0656   0.9379  0.9022 15.0000  0.0000     19980  0.9000
  0.25018    94.602     94.6018           0           0           0  34.0656   0.9364  0.4087 15.0000  0.0000     21978  0.9000
  0.22516    93.727     93.7268           0           0           0  34.0656   0.9319  0.4307 15.0000  0.0000     23976  0.9000
  0.20264    91.022     91.0224           0           0           0  34.0656   0.9234  0.9827 15.0000  0.0000     25974  0.9000
  0.18238    89.541     89.5406           0           0           0  34.0656   0.9229  0.8130 15.0000  0.0000     27972  0.9000
  0.16414    88.626     88.6255           0           0           0  34.0656   0.9189  0.7298 15.0000  0.0000     29970  0.9000
  0.14773    88.232     88.2315           0           0           0  34.0656   0.9174  0.4107 15.0000  0.0000     31968  0.9000
  0.13295    88.517     88.5167           0           0           0  34.0656   0.9089  0.4191 15.0000  0.0000     33966  0.9000
  0.11966    87.443     87.4432           0           0           0  34.0656   0.8959  0.6299 15.0000  0.0000     35964  0.9000
  0.10769    87.083      87.083           0           0           0  34.0656   0.8944  0.3922 15.0000  0.0000     37962  0.9000
  0.09692    85.735      85.735           0           0           0  34.0656   0.8739  0.3604 15.0000  0.0000     39960  0.9000
  0.08723    84.563     84.5627           0           0           0  34.0656   0.8699  0.4019 15.0000  0.0000     41958  0.9000
  0.07851    84.766     84.7665           0           0           0  34.0656   0.8674  0.2114 15.0000  0.0000     43956  0.9000
  0.07066    85.237     85.2371           0           0           0  34.0656   0.8614  0.5029 15.0000  0.0000     45954  0.9000
  0.06359     83.42     83.4201           0           0           0  34.0656   0.8403  0.3814 15.0000  0.0000     47952  0.9000
  0.05723     82.86     82.8602           0           0           0  34.0656   0.8313  0.1190 15.0000  0.0000     49950  0.9000
  0.05151     83.31     83.3102           0           0           0  34.0656   0.8243  0.2544 15.0000  0.0000     51948  0.9000
  0.04636     82.31     82.3098           0           0           0  34.0656   0.8308  0.3082 15.0000  0.0000     53946  0.9000
  0.04172    81.432     81.4324           0           0           0  34.0656   0.8188  0.2007 15.0000  0.0000     55944  0.9000
  0.03755    81.289     81.2895           0           0           0  34.0656   0.8038  0.0995 15.0000  0.0000     57942  0.9000
  0.03379    81.204     81.2044           0           0           0  34.0656   0.8113  0.2097 15.0000  0.0000     59940  0.9000
  0.03042    80.245     80.2454           0           0           0  34.0656   0.7928  0.2098 15.0000  0.0000     61938  0.9500
  0.02889    79.884     79.8836           0           0           0  34.0656   0.7758  0.1973 15.0000  0.0000     63936  0.9500
  0.02745    79.519     79.5188           0           0           0  34.0656   0.7533  0.1570 15.0000  0.0000     65934  0.9500
  0.02608    78.545     78.5447           0           0           0  34.0656   0.7643  0.1675 15.0000  0.0000     67932  0.9500
  0.02477        78     78.0004           0           0           0  34.0656   0.7367  0.1618 15.0000  0.0000     69930  0.9500
  0.02353    77.715     77.7149           0           0           0  34.0656   0.7362  0.0897 15.0000  0.0000     71928  0.9500
  0.02236    77.543     77.5425           0           0           0  34.0656   0.7477  0.0977 15.0000  0.0000     73926  0.9500
  0.02124    77.003     77.0031           0           0           0  34.0656   0.7202  0.1843 15.0000  0.0000     75924  0.9500
  0.02018    76.838     76.8384           0           0           0  34.0656   0.7092  0.1057 15.0000  0.0000     77922  0.9500
  0.01917    76.874     76.8739           0           0           0  34.0656   0.7112  0.0808 15.0000  0.0000     79920  0.9500
  0.01821    76.469     76.4687           0           0           0  34.0656   0.7047  0.0983 15.0000  0.0000     81918  0.9500
  0.01730     76.39     76.3899           0           0           0  34.0656   0.7057  0.2151 15.0000  0.0000     83916  0.9500
  0.01644    75.957      75.957           0           0           0  34.0656   0.6807  0.0534 15.0000  0.0000     85914  0.9500
  0.01561    75.606     75.6065           0           0           0  34.0656   0.6892  0.0889 15.0000  0.0000     87912  0.9500
  0.01483    75.477     75.4768           0           0           0  34.0656   0.6752  0.1939 15.0000  0.0000     89910  0.9500
  0.01409    75.063     75.0629           0           0           0  34.0656   0.6592  0.1217 15.0000  0.0000     91908  0.9500
  0.01339    74.925     74.9247           0           0           0  34.0656   0.6481  0.1509 15.0000  0.0000     93906  0.9500
  0.01272    74.443     74.4428           0           0           0  34.0656   0.6532  0.2081 15.0000  0.0000     95904  0.9500
  0.01208    73.926     73.9259           0           0           0  34.0656   0.6116  0.0704 15.0000  0.0000     97902  0.9500
  0.01148    73.768      73.768           0           0           0  34.0656   0.5886  0.1007 15.0000  0.0000     99900  0.9500
  0.01090    73.656     73.6564           0           0           0  34.0656   0.5941  0.0861 15.0000  0.0000    101898  0.9500
  0.01036    73.451     73.4513           0           0           0  34.0656   0.5791  0.0667 15.0000  0.0000    103896  0.9500
  0.00984    73.243     73.2431           0           0           0  34.0656   0.5921  0.0846 15.0000  0.0000    105894  0.9500
  0.00935    72.989     72.9885           0           0           0  34.0656   0.5345  0.0721 15.0000  0.0000    107892  0.9500
  0.00888    72.908     72.9084           0           0           0  34.0656   0.5365  0.0888 15.0000  0.0000    109890  0.9500
  0.00844     72.63       72.63           0           0           0  34.0656   0.5260  0.0820 15.0000  0.0000    111888  0.9500
  0.00802    72.441     72.4408           0           0           0  34.0656   0.5005  0.0947 15.0000  0.0000    113886  0.9500
  0.00761    72.337     72.3366           0           0           0  34.0656   0.5040  0.0807 15.0000  0.0000    115884  0.9500
  0.00723    72.134     72.1343           0           0           0  34.0656   0.4645  0.1264 15.0000  0.0000    117882  0.9500
  0.00687    71.989     71.9894           0           0           0  34.0656   0.4364  0.0779 15.0000  0.0000    119880  0.9500
  0.00653    71.865     71.8649           0           0           0  34.0656   0.4479  0.0661 14.9465  0.0000    121878  0.9500
  0.00620     71.91     71.9102           0           0           0  34.0656   0.4615  0.0444 15.0000  0.0000    123876  0.9500
  0.00589     71.89     71.8896           0           0           0  34.0656   0.4049  0.0515 15.0000  0.0000    125874  0.9500
  0.00560    71.774     71.7739           0           0           0  34.0656   0.4019  0.0684 14.4736  0.0000    127872  0.9500
  0.00532    71.659     71.6587           0           0           0  34.0656   0.3984  0.0276 13.9222  0.0000    129870  0.9500
  0.00505    71.647     71.6466           0           0           0  34.0656   0.3458  0.1094 13.3430  0.0000    131868  0.9500
  0.00480    71.507     71.5074           0           0           0  34.0656   0.3599  0.0459 12.0867  0.0000    133866  0.9500
  0.00456    71.527      71.527           0           0           0  34.0656   0.3894  0.0304 11.1180  0.0000    135864  0.9500
  0.00433    71.419     71.4195           0           0           0  34.0656   0.3714  0.0676 10.5554  0.0000    137862  0.9500
  0.00411    71.237     71.2368           0           0           0  34.0656   0.3338  0.0581  9.8310  0.0000    139860  0.9500
  0.00391    71.118     71.1179           0           0           0  34.0656   0.3253  0.0271  8.7872  0.0000    141858  0.9500
  0.00371    71.157     71.1574           0           0           0  34.0656   0.3519  0.0186  7.7796  0.0000    143856  0.9500
  0.00353     71.17     71.1703           0           0           0  34.0656   0.3348  0.0413  7.0938  0.0000    145854  0.9500
  0.00335    71.181     71.1809           0           0           0  34.0656   0.3198  0.0214  6.3478  0.0000    147852  0.9500
  0.00318     71.08     71.0798           0           0           0  34.0656   0.3123  0.0423  5.5849  0.0000    149850  0.9500
  0.00302     71.03       71.03           0           0           0  34.0656   0.2973  0.0130  4.8718  0.0000    151848  0.9500
  0.00287    70.973     70.9732           0           0           0  34.0656   0.2868  0.0227  4.1766  0.0000    153846  0.9500
  0.00273    71.008     71.0085           0           0           0  34.0656   0.2823  0.0181  3.5367  0.0000    155844  0.9500
  0.00259    71.022      71.022           0           0           0  34.0656   0.2978  0.0362  2.9789  0.0000    157842  0.9500
  0.00246    70.934     70.9344           0           0           0  34.0656   0.2538  0.0077  2.5553  0.0000    159840  0.9500
  0.00234    70.937     70.9365           0           0           0  34.0656   0.2913  0.0106  2.0794  0.0000    161838  0.9500
  0.00222    70.891     70.8908           0           0           0  34.0656   0.2563  0.0162  1.7701  0.0000    163836  0.9500
  0.00211    70.873     70.8733           0           0           0  34.0656   0.2538  0.0075  1.4449  0.0000    165834  0.9500
  0.00201    70.835     70.8346           0           0           0  34.0656   0.2467  0.0064  1.1758  0.0000    167832  0.9500
  0.00191    70.826     70.8258           0           0           0  34.0656   0.2397  0.0046  1.0000  0.0000    169830  0.9500
  0.00181    70.825     70.8254           0           0           0  34.0656   0.2362  0.0000  1.0000  0.0000    171828  0.9500
  0.00172    70.818      70.818           0           0           0  34.0656   0.2302  0.0000  1.0000  0.0000    173826  0.9500
  0.00163    70.817     70.8166           0           0           0  34.0656   0.2372  0.0041  1.0000  0.0000    175824  0.9500
  0.00155    70.819     70.8187           0           0           0  34.0656   0.2352  0.0038  1.0000  0.0000    177822  0.9500
  0.00147    70.818     70.8177           0           0           0  34.0656   0.2342  0.0055  1.0000  0.0000    179820  0.9500
  0.00140    70.821     70.8212           0           0           0  34.0656   0.2347  0.0057  1.0000  0.0000    181818  0.9500
  0.00133    70.822     70.8223           0           0           0  34.0656   0.2317  0.0094  1.0000  0.0000    183816  0.9500
  0.00126    70.815     70.8151           0           0           0  34.0656   0.2477  0.0000  1.0000  0.0000    185814  0.9500
  0.00120    70.815      70.815           0           0           0  34.0656   0.2387  0.0000  1.0000  0.0000    187812  0.9500
  0.00114    70.814     70.8141           0           0           0  34.0656   0.2252  0.0066  1.0000  0.0000    189810  0.9500
  0.00108    70.819     70.8194           0           0           0  34.0656   0.2302  0.0000  1.0000  0.0000    191808  0.9500
  0.00103    70.814     70.8143           0           0           0  34.0656   0.2442  0.0024  1.0000  0.0000    193806  0.9500
  0.00098    70.817     70.8173           0           0           0  34.0656   0.2102  0.0063  1.0000  0.0000    195804  0.9500
  0.00093    70.813     70.8126           0           0           0  34.0656   0.2217  0.0090  1.0000  0.0000    197802  0.9500
  0.00088     70.81     70.8103           0           0           0  34.0656   0.2352  0.0000  1.0000  0.0000    199800  0.9500
  0.00084     70.81     70.8099           0           0           0  34.0656   0.2267  0.0073  1.0000  0.0000    201798  0.9500
  0.00080     70.81     70.8098           0           0           0  34.0656   0.2327  0.0041  1.0000  0.0000    203796  0.9500
  0.00076     70.81     70.8103           0           0           0  34.0656   0.2317  0.0019  1.0000  0.0000    205794  0.9500
  0.00072    70.811     70.8106           0           0           0  34.0656   0.2182  0.0000  1.0000  0.0000    207792  0.9500
  0.00068     70.81     70.8102           0           0           0  34.0656   0.2102  0.0060  1.0000  0.0000    209790  0.9500
  0.00065    70.809      70.809           0           0           0  34.0656   0.2192  0.0028  1.0000  0.0000    211788  0.9500
  0.00062    70.809     70.8088           0           0           0  34.0656   0.2122  0.0000  1.0000  0.0000    213786  0.9500
  0.00059    70.808      70.808           0           0           0  34.0656   0.2122  0.0009  1.0000  0.0000    215784  0.9500
  0.00056    70.808     70.8082           0           0           0  34.0656   0.2177  0.0013  1.0000  0.0000    217782  0.9500
  0.00053    70.808      70.808           0           0           0  34.0656   0.2077  0.0039  1.0000  0.0000    219780  0.9500
  0.00050    70.808     70.8084           0           0           0  34.0656   0.2417  0.0085  1.0000  0.0000    221778  0.9500
  0.00000    70.808     70.8076           0           0           0            0.1296  0.0089  1.0000  0.0000    223776
 10.42990    102.78      102.78           0           0           0  34.0656   0.9770  0.9662 15.0000  0.0000      1998  0.5000
  5.21495    102.62     102.623           0           0           0  34.0656   0.9805  0.5170 15.0000  0.0000      3996  0.5000
  2.60748    99.618     99.6176           0           0           0  34.0656   0.9800  0.9970 15.0000  0.0000      5994  0.5000
  1.30374    101.79     101.789           0           0           0  34.0656   0.9715  0.4938 15.0000  0.0000      7992  0.5000
  0.65187    100.53     100.532           0           0           0  34.0656   0.9655  0.8940 15.0000  0.0000      9990  0.5000
  0.32593      99.4     99.3998           0           0           0  34.0656   0.9434  0.6525 15.0000  0.0000     11988  0.9000
  0.29334    97.391     97.3912           0           0           0  34.0656   0.9444  0.7058 15.0000  0.0000     13986  0.9000
  0.26401    97.369     97.3687           0           0           0  34.0656   0.9354  1.7248 15.0000  0.0000     15984  0.9000
  0.23761    92.853     92.8534           0           0           0  34.0656   0.9449  0.8819 15.0000  0.0000     17982  0.9000
  0.21385    91.834     91.8343           0           0           0  34.0656   0.9239  0.4646 15.0000  0.0000     19980  0.9000
  0.19246    89.317     89.3172           0           0           0  34.0656   0.9129  0.9651 15.0000  0.0000     21978  0.9000
  0.17321    87.119     87.1193           0           0           0  34.0656   0.9214  0.7434 15.0000  0.0000     23976  0.9000
  0.15589    87.506     87.5064           0           0           0  34.0656   0.9164  0.2761 15.0000  0.0000     25974  0.9000
  0.14030    86.493     86.4928           0           0           0  34.0656   0.9114  0.4864 15.0000  0.0000     27972  0.9000
  0.12627    85.694      85.694           0           0           0  34.0656   0.9024  0.7303 15.0000  0.0000     29970  0.9000
  0.11365    86.472     86.4723           0           0           0  34.0656   0.8984  0.3264 15.0000  0.0000     31968  0.9000
  0.10228     85.92     85.9196           0           0           0  34.0656   0.8969  0.6431 15.0000  0.0000     33966  0.9000
  0.09205    84.762     84.7616           0           0           0  34.0656   0.8944  0.3651 15.0000  0.0000     35964  0.9000
  0.08285    83.844     83.8438           0           0           0  34.0656   0.8699  0.4302 15.0000  0.0000     37962  0.9000
  0.07456    82.685     82.6852           0           0           0  34.0656   0.8599  0.2938 15.0000  0.0000     39960  0.9000
  0.06711    82.519     82.5194           0           0           0  34.0656   0.8504  0.2492 15.0000  0.0000     41958  0.9000
  0.06040    81.538     81.5382           0           0           0  34.0656   0.8428  0.2893 15.0000  0.0000     43956  0.9000
  0.05436     81.25     81.2503           0           0           0  34.0656   0.8328  0.1615 15.0000  0.0000     45954  0.9000
  0.04892    80.999     80.9991           0           0           0  34.0656   0.8358  0.2679 15.0000  0.0000     47952  0.9000
  0.04403     80.46     80.4599           0           0           0  34.0656   0.8323  0.2774 15.0000  0.0000     49950  0.9000
  0.03963    79.346     79.3455           0           0           0  34.0656   0.8063  0.4862 15.0000  0.0000     51948  0.9000
  0.03566    78.808     78.8084           0           0           0  34.0656   0.8013  0.1763 15.0000  0.0000     53946  0.9000
  0.03210    78.538      78.538           0           0           0  34.0656   0.7918  0.1805 15.0000  0.0000     55944  0.9500
  0.03049    77.963     77.9628           0           0           0  34.0656   0.7623  0.2036 15.0000  0.0000     57942  0.9500
  0.02897    77.875     77.8752           0           0           0  34.0656   0.7733  0.1714 15.0000  0.0000     59940  0.9500
  0.02752    77.485     77.4846           0           0           0  34.0656   0.7558  0.3762 15.0000  0.0000     61938  0.9500
  0.02614    77.265      77.265           0           0           0  34.0656   0.7467  0.0759 15.0000  0.0000     63936  0.9500
  0.02484    77.049     77.0487           0           0           0  34.0656   0.7497  0.1340 15.0000  0.0000     65934  0.9500
  0.02359    76.677     76.6769           0           0           0  34.0656   0.7417  0.2590 15.0000  0.0000     67932  0.9500
  0.02241    76.364     76.3643           0           0           0  34.0656   0.7407  0.1152 15.0000  0.0000     69930  0.9500
  0.02129    75.948     75.9476           0           0           0  34.0656   0.7302  0.1471 15.0000  0.0000     71928  0.9500
  0.02023    75.288     75.2883           0           0           0  34.0656   0.7392  0.2685 15.0000  0.0000     73926  0.9500
  0.01922    74.976     74.9762           0           0           0  34.0656   0.7147  0.0703 15.0000  0.0000     75924  0.9500
  0.01826     74.98     74.9801           0           0           0  34.0656   0.7262  0.2330 15.0000  0.0000     77922  0.9500
  0.01734    74.592     74.5915           0           0           0  34.0656   0.7007  0.0832 15.0000  0.0000     79920  0.9500
  0.01648    74.389      74.389           0           0           0  34.0656   0.6887  0.0746 15.0000  0.0000     81918  0.9500
  0.01565    74.088     74.0876           0           0           0  34.0656   0.6787  0.1713 15.0000  0.0000     83916  0.9500
  0.01487    73.739     73.7386           0           0           0  34.0656   0.6476  0.0963 15.0000  0.0000     85914  0.9500
  0.01413     73.38     73.3798           0           0           0  34.0656   0.6637  0.1325 15.0000  0.0000     87912  0.9500
  0.01342    73.026     73.0258           0           0           0  34.0656   0.6572  0.1571 15.0000  0.0000     89910  0.9500
  0.01275    72.754     72.7544           0           0           0  34.0656   0.6421  0.1735 15.0000  0.0000     91908  0.9500
  0.01211    72.079     72.0785           0           0           0  34.0656   0.6261  0.1501 15.0000  0.0000     93906  0.9500
  0.01151    71.958     71.9578           0           0           0  34.0656   0.5981  0.0593 15.0000  0.0000     95904  0.9500
  0.01093    71.585     71.5849           0           0           0  34.0656   0.6076  0.1037 15.0000  0.0000     97902  0.9500
  0.01038    71.241     71.2413           0           0           0  34.0656   0.6006  0.1932 15.0000  0.0000     99900  0.9500
  0.00987    70.837     70.8368           0           0           0  34.0656   0.6031  0.0659 15.0000  0.0000    101898  0.9500
  0.00937    70.594     70.5939           0           0           0  34.0656   0.5716  0.0770 15.0000  0.0000    103896  0.9500
  0.00890    70.678     70.6784           0           0           0  34.0656   0.5681  0.0425 15.0000  0.0000    105894  0.9500
  0.00846     70.49     70.4902           0           0           0  34.0656   0.5571  0.1340 15.0000  0.0000    107892  0.9500
  0.00804     70.06     70.0596           0           0           0  34.0656   0.5430  0.0805 15.0000  0.0000    109890  0.9500
  0.00763    70.074     70.0741           0           0           0  34.0656   0.5365  0.1121 15.0000  0.0000    111888  0.9500
  0.00725    69.848     69.8477           0           0           0  34.0656   0.5250  0.0801 15.0000  0.0000    113886  0.9500
  0.00689    69.614      69.614           0           0           0  34.0656   0.4945  0.0477 15.0000  0.0000    115884  0.9500
  0.00654    69.571     69.5711           0           0           0  34.0656   0.4825  0.1240 15.0000  0.0000    117882  0.9500
  0.00622     69.65       69.65           0           0           0  34.0656   0.4895  0.0534 15.0000  0.0000    119880  0.9500
  0.00591    69.417      69.417           0           0           0  34.0656   0.4850  0.0900 15.0000  0.0000    121878  0.9500
  0.00561     69.15     69.1505           0           0           0  34.0656   0.4745  0.0755 15.0000  0.0000    123876  0.9500
  0.00533    68.938     68.9377           0           0           0  34.0656   0.4600  0.0322 15.0000  0.0000    125874  0.9500
  0.00506     68.85     68.8495           0           0           0  34.0656   0.4484  0.0325 15.0000  0.0000    127872  0.9500
  0.00481      68.7     68.6996           0           0           0  34.0656   0.4264  0.0573 15.0000  0.0000    129870  0.9500
  0.00457    68.662     68.6622           0           0           0  34.0656   0.4359  0.0383 14.7964  0.0000    131868  0.9500
  0.00434     68.66     68.6597           0           0           0  34.0656   0.4099  0.0467 14.7363  0.0000    133866  0.9500
  0.00412    68.509     68.5086           0           0           0  34.0656   0.3864  0.0460 14.2928  0.0000    135864  0.9500
  0.00392    68.477     68.4772           0           0           0  34.0656   0.4089  0.0364 13.5266  0.0000    137862  0.9500
  0.00372    68.476     68.4757           0           0           0  34.0656   0.4009  0.0384 13.1060  0.0000    139860  0.9500
  0.00354    68.388     68.3876           0           0           0  34.0656   0.3774  0.0336 12.5936  0.0000    141858  0.9500
  0.00336    68.387      68.387           0           0           0  34.0656   0.3298  0.0302 11.8049  0.0000    143856  0.9500
  0.00319    68.319      68.319           0           0           0  34.0656   0.3739  0.0208 10.5044  0.0000    145854  0.9500
  0.00303    68.252     68.2522           0           0           0  34.0656   0.3423  0.0301  9.8098  0.0000    147852  0.9500
  0.00288     68.18     68.1797           0           0           0  34.0656   0.3403  0.0164  8.8518  0.0000    149850  0.9500
  0.00274    68.162     68.1623           0           0           0  34.0656   0.3348  0.0175  7.9696  0.0000    151848  0.9500
  0.00260    68.122     68.1221           0           0           0  34.0656   0.3458  0.0133  7.1315  0.0000    153846  0.9500
  0.00247    68.079     68.0785           0           0           0  34.0656   0.3203  0.0091  6.4600  0.0000    155844  0.9500
  0.00235    68.044     68.0436           0           0           0  34.0656   0.3428  0.0105  5.6869  0.0000    157842  0.9500
  0.00223    68.017      68.017           0           0           0  34.0656   0.3133  0.0000  5.1344  0.0000    159840  0.9500
  0.00212    68.003     68.0025           0           0           0  34.0656   0.3193  0.0081  4.4839  0.0000    161838  0.9500
  0.00201    68.004     68.0039           0           0           0  34.0656   0.3233  0.0047  3.9428  0.0000    163836  0.9500
  0.00191        68     67.9999           0           0           0  34.0656   0.3203  0.0024  3.4828  0.0000    165834  0.9500
  0.00182    67.991     67.9911           0           0           0  34.0656   0.3033  0.0106  3.0659  0.0000    167832  0.9500
  0.00172     67.99     67.9903           0           0           0  34.0656   0.2978  0.0064  2.6468  0.0000    169830  0.9500
  0.00164     67.97     67.9702           0           0           0  34.0656   0.2988  0.0076  2.2705  0.0000    171828  0.9500
  0.00156    67.976     67.9757           0           0           0  34.0656   0.3253  0.0063  1.9499  0.0000    173826  0.9500
  0.00148    67.972      67.972           0           0           0  34.0656   0.3138  0.0108  1.7263  0.0000    175824  0.9500
  0.00140    67.979     67.9791           0           0           0  34.0656   0.2998  0.0000  1.5084  0.0000    177822  0.9500
  0.00133    67.981     67.9808           0           0           0  34.0656   0.3098  0.0000  1.2969  0.0000    179820  0.9500
  0.00127    67.985     67.9846           0           0           0  34.0656   0.3093  0.0000  1.1281  0.0000    181818  0.9500
  0.00120    67.976     67.9759           0           0           0  34.0656   0.3228  0.0104  1.0000  0.0000    183816  0.9500
  0.00114     67.97     67.9705           0           0           0  34.0656   0.2978  0.0109  1.0000  0.0000    185814  0.9500
  0.00109     67.97     67.9696           0           0           0  34.0656   0.2988  0.0151  1.0000  0.0000    187812  0.9500
  0.00103     67.97     67.9696           0           0           0  34.0656   0.2973  0.0153  1.0000  0.0000    189810  0.9500
  0.00098     67.97     67.9701           0           0           0  34.0656   0.3063  0.0096  1.0000  0.0000    191808  0.9500
  0.00093    67.971     67.9708           0           0           0  34.0656   0.3063  0.0123  1.0000  0.0000    193806  0.9500
  0.00089     67.97     67.9703           0           0           0  34.0656   0.3023  0.0092  1.0000  0.0000    195804  0.9500
  0.00084     67.97     67.9703           0           0           0  34.0656   0.3033  0.0061  1.0000  0.0000    197802  0.9500
  0.00080     67.97     67.9699           0           0           0  34.0656   0.3073  0.0122  1.0000  0.0000    199800  0.9500
  0.00076     67.97     67.9699           0           0           0  34.0656   0.3088  0.0116  1.0000  0.0000    201798  0.9500
  0.00072     67.97     67.9702           0           0           0  34.0656   0.3028  0.0064  1.0000  0.0000    203796  0.9500
  0.00069     67.97     67.9704           0           0           0  34.0656   0.3058  0.0105  1.0000  0.0000    205794  0.9500
  0.00065     67.97     67.9697           0           0           0  34.0656   0.3118  0.0144  1.0000  0.0000    207792  0.9500
  0.00062     67.97     67.9696           0           0           0  34.0656   0.2958  0.0107  1.0000  0.0000    209790  0.9500
  0.00059     67.97     67.9701           0           0           0  34.0656   0.3048  0.0000  1.0000  0.0000    211788  0.9500
  0.00056     67.97     67.9697           0           0           0  34.0656   0.3088  0.0087  1.0000  0.0000    213786  0.9500
  0.00053     67.97     67.9696           0           0           0  34.0656   0.2853  0.0107  1.0000  0.0000    215784  0.9500
  0.00050     67.97     67.9697           0           0           0  34.0656   0.3133  0.0082  1.0000  0.0000    217782  0.9500
  0.00048     67.97     67.9696           0           0           0  34.0656   0.2963  0.0107  1.0000  0.0000    219780  0.9500
  0.00000     67.97     67.9696           0           0           0            0.2082  0.0107  1.0000  0.0000    221778
  3.22312    113.74     113.737           0           0           0  34.0656   0.9765  1.1384 15.0000  0.0000      1998  0.5000
  1.61156    109.84     109.837           0           0           0  34.0656   0.9685  1.3877 15.0000  0.0000      3996  0.5000
  0.80578    110.37     110.366           0           0           0  34.0656   0.9725  0.9458 15.0000  0.0000      5994  0.5000
  0.40289    107.54     107.537           0           0           0  34.0656   0.9590  2.0393 15.0000  0.0000      7992  0.9000
  0.36260    104.47     104.467           0           0           0  34.0656   0.9525  0.9326 15.0000  0.0000      9990  0.9000
  0.32634    104.31     104.311           0           0           0  34.0656   0.9454  1.0240 15.0000  0.0000     11988  0.9000
  0.29371    102.32     102.324           0           0           0  34.0656   0.9274  0.5221 15.0000  0.0000     13986  0.9000
  0.26434    102.59     102.593           0           0           0  34.0656   0.9399  1.0136 15.0000  0.0000     15984  0.9000
  0.23790     100.8     100.802           0           0           0  34.0656   0.9434  0.5474 15.0000  0.0000     17982  0.9000
  0.21411     98.67     98.6698           0           0           0  34.0656   0.9294  1.5122 15.0000  0.0000     19980  0.9000
  0.19270    97.663     97.6626           0           0           0  34.0656   0.9189  0.3575 15.0000  0.0000     21978  0.9000
  0.17343    97.767      97.767           0           0           0  34.0656   0.9279  0.4392 15.0000  0.0000     23976  0.9000
  0.15609    97.667     97.6673           0           0           0  34.0656   0.9274  0.3119 15.0000  0.0000     25974  0.9000
  0.14048    98.108     98.1076           0           0           0  34.0656   0.9024  0.5783 15.0000  0.0000     27972  0.9000
  0.12643    96.938     96.9378           0           0           0  34.0656   0.9044  0.4947 15.0000  0.0000     29970  0.9000
  0.11379    96.319     96.3195           0           0           0  34.0656   0.8954  0.4696 15.0000  0.0000     31968  0.9000
  0.10241    95.681     95.6809           0           0           0  34.0656   0.8944  0.2140 15.0000  0.0000     33966  0.9000
  0.09217    95.477     95.4768           0           0           0  34.0656   0.9074  0.3264 15.0000  0.0000     35964  0.9000
  0.08295    93.674     93.6737           0           0           0  34.0656   0.8724  0.5019 15.0000  0.0000     37962  0.9000
  0.07466    92.117     92.1175           0           0           0  34.0656   0.8483  0.5026 15.0000  0.0000     39960  0.9000
  0.06719    91.664     91.6642           0           0           0  34.0656   0.8433  0.6549 15.0000  0.0000     41958  0.9000
  0.06047    90.471     90.4706           0           0           0  34.0656   0.8328  0.1457 15.0000  0.0000     43956  0.9000
  0.05442    90.305     90.3048           0           0           0  34.0656   0.8333  0.1668 15.0000  0.0000     45954  0.9000
  0.04898    89.816     89.8159           0           0           0  34.0656   0.8258  0.1466 15.0000  0.0000     47952  0.9000
  0.04408     89.41     89.4097           0           0           0  34.0656   0.8108  0.1356 15.0000  0.0000     49950  0.9000
  0.03968    89.064      89.064           0           0           0  34.0656   0.7898  0.0797 15.0000  0.0000     51948  0.9500
  0.03769    88.884     88.8836           0           0           0  34.0656   0.7933  0.1843 15.0000  0.0000     53946  0.9500
  0.03581    88.841     88.8409           0           0           0  34.0656   0.8053  0.1179 15.0000  0.0000     55944  0.9000
  0.03223    88.401     88.4015           0           0           0  34.0656   0.7998  0.1316 15.0000  0.0000     57942  0.9500
  0.03062    87.793     87.7935           0           0           0  34.0656   0.7793  0.3047 15.0000  0.0000     59940  0.9500
  0.02908    87.433     87.4327           0           0           0  34.0656   0.7713  0.0959 15.0000  0.0000     61938  0.9500
  0.02763    87.165     87.1649           0           0           0  34.0656   0.7457  0.2794 15.0000  0.0000     63936  0.9500
  0.02625    86.703     86.7032           0           0           0  34.0656   0.7683  0.1284 15.0000  0.0000     65934  0.9500
  0.02494    86.132     86.1322           0           0           0  34.0656   0.7422  0.2547 15.0000  0.0000     67932  0.9500
  0.02369    85.437     85.4374           0           0           0  34.0656   0.7472  0.2166 15.0000  0.0000     69930  0.9500
  0.02250    85.316     85.3156           0           0           0  34.0656   0.7342  0.2048 15.0000  0.0000     71928  0.9500
  0.02138    84.956     84.9562           0           0           0  34.0656   0.7277  0.1555 15.0000  0.0000     73926  0.9500
  0.02031    84.702     84.7025           0           0           0  34.0656   0.7232  0.0692 15.0000  0.0000     75924  0.9500
  0.01930    84.491     84.4909           0           0           0  34.0656   0.7247  0.2633 15.0000  0.0000     77922  0.9500
  0.01833    84.175     84.1749           0           0           0  34.0656   0.6982  0.1627 15.0000  0.0000     79920  0.9500
  0.01741    83.691     83.6906           0           0           0  34.0656   0.6987  0.1888 15.0000  0.0000     81918  0.9500
  0.01654    83.268     83.2675           0           0           0  34.0656   0.6827  0.1936 15.0000  0.0000     83916  0.9500
  0.01572    83.011     83.0114           0           0           0  34.0656   0.6772  0.1067 15.0000  0.0000     85914  0.9500
  0.01493    82.751     82.7509           0           0           0  34.0656   0.6677  0.0808 15.0000  0.0000     87912  0.9500
  0.01418    82.448     82.4485           0           0           0  34.0656   0.6777  0.1600 15.0000  0.0000     89910  0.9500
  0.01347    82.161     82.1607           0           0           0  34.0656   0.6642  0.1183 15.0000  0.0000     91908  0.9500
  0.01280    81.847      81.847           0           0           0  34.0656   0.6281  0.1113 15.0000  0.0000     93906  0.9500
  0.01216    81.462     81.4619           0           0           0  34.0656   0.6146  0.1220 15.0000  0.0000     95904  0.9500
  0.01155    81.245      81.245           0           0           0  34.0656   0.6111  0.0583 15.0000  0.0000     97902  0.9500
  0.01098    81.111     81.1111           0           0           0  34.0656   0.6046  0.1389 15.0000  0.0000     99900  0.9500
  0.01043    80.861     80.8614           0           0           0  34.0656   0.5846  0.0938 15.0000  0.0000    101898  0.9500
  0.00990    80.864     80.8641           0           0           0  34.0656   0.5841  0.1113 15.0000  0.0000    103896  0.9500
  0.00941    80.805     80.8053           0           0           0  34.0656   0.5731  0.1145 15.0000  0.0000    105894  0.9500
  0.00894    80.529      80.529           0           0           0  34.0656   0.5736  0.1783 15.0000  0.0000    107892  0.9500
  0.00849    80.142     80.1422           0           0           0  34.0656   0.5631  0.0722 15.0000  0.0000    109890  0.9500
  0.00807    79.872     79.8718           0           0           0  34.0656   0.5415  0.1463 15.0000  0.0000    111888  0.9500
  0.00766    79.557     79.5569           0           0           0  34.0656   0.5045  0.0625 15.0000  0.0000    113886  0.9500
  0.00728    79.468     79.4684           0           0           0  34.0656   0.4935  0.0667 15.0000  0.0000    115884  0.9500
  0.00692    79.135     79.1347           0           0           0  34.0656   0.4790  0.0842 15.0000  0.0000    117882  0.9500
  0.00657    78.955     78.9552           0           0           0  34.0656   0.4860  0.0648 15.0000  0.0000    119880  0.9500
  0.00624    78.864     78.8643           0           0           0  34.0656   0.4665  0.0591 15.0000  0.0000    121878  0.9500
  0.00593    78.876     78.8764           0           0           0  34.0656   0.4550  0.0479 15.0000  0.0000    123876  0.9500
  0.00563    78.652     78.6524           0           0           0  34.0656   0.4344  0.0418 15.0000  0.0000    125874  0.9500
  0.00535    78.478     78.4784           0           0           0  34.0656   0.4009  0.0738 14.9165  0.0000    127872  0.9500
  0.00508    78.278     78.2778           0           0           0  34.0656   0.4179  0.0678 14.3333  0.0000    129870  0.9500
  0.00483    78.256     78.2558           0           0           0  34.0656   0.4234  0.0380 14.0168  0.0000    131868  0.9500
  0.00459    78.219     78.2191           0           0           0  34.0656   0.4079  0.0391 13.7844  0.0000    133866  0.9500
  0.00436    78.076     78.0762           0           0           0  34.0656   0.4019  0.0815 13.3421  0.0000    135864  0.9500
  0.00414    77.977     77.9772           0           0           0  34.0656   0.3774  0.0279 12.8338  0.0000    137862  0.9500
  0.00393     77.95     77.9504           0           0           0  34.0656   0.3754  0.0248 12.0301  0.0000    139860  0.9500
  0.00374    77.927     77.9271           0           0           0  34.0656   0.3734  0.0199 11.2526  0.0000    141858  0.9500
  0.00355    77.875     77.8748           0           0           0  34.0656   0.3463  0.0334 10.5029  0.0000    143856  0.9500
  0.00337    77.814     77.8138           0           0           0  34.0656   0.3428  0.0196  9.5193  0.0000    145854  0.9500
  0.00320    77.783     77.7832           0           0           0  34.0656   0.3388  0.0186  8.5944  0.0000    147852  0.9500
  0.00304    77.759     77.7588           0           0           0  34.0656   0.3203  0.0147  7.7250  0.0000    149850  0.9500
  0.00289    77.734     77.7337           0           0           0  34.0656   0.3263  0.0107  6.8005  0.0000    151848  0.9500
  0.00275    77.739     77.7391           0           0           0  34.0656   0.3218  0.0193  6.0274  0.0000    153846  0.9500
  0.00261    77.702     77.7022           0           0           0  34.0656   0.3363  0.0155  5.3151  0.0000    155844  0.9500
  0.00248    77.723     77.7225           0           0           0  34.0656   0.3223  0.0194  4.7641  0.0000    157842  0.9500
  0.00236    77.693     77.6931           0           0           0  34.0656   0.3208  0.0098  4.2035  0.0000    159840  0.9500
  0.00224    77.696     77.6958           0           0           0  34.0656   0.3023  0.0163  3.7025  0.0000    161838  0.9500
  0.00213    77.671     77.6707           0           0           0  34.0656   0.3078  0.0211  3.1927  0.0000    163836  0.9500
  0.00202    77.658      77.658           0           0           0  34.0656   0.2918  0.0089  2.7707  0.0000    165834  0.9500
  0.00192    77.647      77.647           0           0           0  34.0656   0.2968  0.0096  2.3600  0.0000    167832  0.9500
  0.00182    77.652     77.6521           0           0           0  34.0656   0.3108  0.0098  2.0221  0.0000    169830  0.9500
  0.00173    77.639      77.639           0           0           0  34.0656   0.3038  0.0079  1.7608  0.0000    171828  0.9500
  0.00165    77.632      77.632           0           0           0  34.0656   0.2868  0.0120  1.5210  0.0000    173826  0.9500
  0.00156    77.634      77.634           0           0           0  34.0656   0.3043  0.0073  1.2880  0.0000    175824  0.9500
  0.00148    77.632     77.6315           0           0           0  34.0656   0.2928  0.0071  1.1132  0.0000    177822  0.9500
  0.00141    77.632     77.6323           0           0           0  34.0656   0.2948  0.0000  1.0000  0.0000    179820  0.9500
  0.00134    77.625     77.6246           0           0           0  34.0656   0.3078  0.0000  1.0000  0.0000    181818  0.9500
  0.00127    77.621     77.6215           0           0           0  34.0656   0.3138  0.0000  1.0000  0.0000    183816  0.9500
  0.00121    77.621     77.6208           0           0           0  34.0656   0.2918  0.0000  1.0000  0.0000    185814  0.9500
  0.00115     77.62     77.6199           0           0           0  34.0656   0.2928  0.0000  1.0000  0.0000    187812  0.9500
  0.00109    77.621     77.6206           0           0           0  34.0656   0.2918  0.0000  1.0000  0.0000    189810  0.9500
  0.00104    77.622     77.6219           0           0           0  34.0656   0.3053  0.0000  1.0000  0.0000    191808  0.9500
  0.00098    77.621     77.6209           0           0           0  34.0656   0.3078  0.0000  1.0000  0.0000    193806  0.9500
  0.00094     77.62       77.62           0           0           0  34.0656   0.2903  0.0000  1.0000  0.0000    195804  0.9500
  0.00089    77.621     77.6207           0           0           0  34.0656   0.2843  0.0000  1.0000  0.0000    197802  0.9500
  0.00084    77.621     77.6205           0           0           0  34.0656   0.2898  0.0000  1.0000  0.0000    199800  0.9500
  0.00080     77.62     77.6199           0           0           0  34.0656   0.2878  0.0075  1.0000  0.0000    201798  0.9500
  0.00076    77.621     77.6207           0           0           0  34.0656   0.3053  0.0000  1.0000  0.0000    203796  0.9500
  0.00072     77.62       77.62           0           0           0  34.0656   0.3088  0.0062  1.0000  0.0000    205794  0.9500
  0.00069    77.621     77.6213           0           0           0  34.0656   0.2933  0.0000  1.0000  0.0000    207792  0.9500
  0.00065    77.621     77.6206           0           0           0  34.0656   0.3083  0.0000  1.0000  0.0000    209790  0.9500
  0.00062     77.62     77.6203           0           0           0  34.0656   0.2798  0.0000  1.0000  0.0000    211788  0.9500
  0.00059     77.62       77.62           0           0           0  34.0656   0.3053  0.0000  1.0000  0.0000    213786  0.9500
  0.00056     77.62     77.6197           0           0           0  34.0656   0.3003  0.0054  1.0000  0.0000    215784  0.9500
  0.00000     77.62     77.6196           0           0           0            0.1532  0.0072  1.0000  0.0000    217782
