 55.75562    265.71     265.714           0           0           0  35.0499   0.9984  2.6308 18.0000  0.0000      1857  0.5000
 27.87781     265.3     265.301           0           0           0  35.0499   0.9968  3.4098 18.0000  0.0000      3714  0.5000
 13.93890    264.36     264.357           0           0           0  35.0499   0.9882  3.9360 18.0000  0.0000      5571  0.5000
  6.96945    262.03     262.026           0           0           0  35.0499   0.9698  3.4346 18.0000  0.0000      7428  0.5000
  3.48473    258.65     258.648           0           0           0  35.0499   0.9553  3.8583 18.0000  0.0000      9285  0.9000
  3.13625    263.34     263.339           0           0           0  35.0499   0.9429  3.7288 18.0000  0.0000     11142  0.9000
  2.82263    260.12     260.119           0           0           0  35.0499   0.9478  2.9494 18.0000  0.0000     12999  0.9000
  2.54037       261     261.002           0           0           0  35.0499   0.9338  2.5474 18.0000  0.0000     14856  0.9000
  2.28633    256.14      256.14           0           0           0  35.0499   0.9198  2.4946 18.0000  0.0000     16713  0.9000
  2.05770    256.11     256.106           0           0           0  35.0499   0.8993  3.2571 18.0000  0.0000     18570  0.9000
  1.85193    259.29     259.288           0           0           0  35.0499   0.9058  3.8526 18.0000  0.0000     20427  0.9000
  1.66673    256.02     256.022           0           0           0  35.0499   0.8767  3.5848 18.0000  0.0000     22284  0.9000
  1.50006    255.37      255.37           0           0           0  35.0499   0.8745  4.2616 18.0000  0.0000     24141  0.9000
  1.35005    253.02     253.015           0           0           0  35.0499   0.8632  3.3029 18.0000  0.0000     25998  0.9000
  1.21505    250.89     250.887           0           0           0  35.0499   0.8530  3.8325 18.0000  0.0000     27855  0.9000
  1.09354    252.79     252.786           0           0           0  35.0499   0.8309  3.8830 18.0000  0.0000     29712  0.9000
  0.98419    252.48     252.484           0           0           0  35.0499   0.8331  3.0119 18.0000  0.0000     31569  0.9000
  0.88577    248.79     248.792           0           0           0  35.0499   0.8018  4.0405 18.0000  0.0000     33426  0.9000
  0.79719    249.44     249.436           0           0           0  35.0499   0.7814  2.9743 18.0000  0.0000     35283  0.9500
  0.75733    246.82     246.818           0           0           0  35.0499   0.7722  2.6585 18.0000  0.0000     37140  0.9500
  0.71947    245.22     245.221           0           0           0  35.0499   0.7706  4.1922 18.0000  0.0000     38997  0.9500
  0.68349    242.26     242.264           0           0           0  35.0499   0.7507  2.3303 18.0000  0.0000     40854  0.9500
  0.64932    241.38     241.384           0           0           0  35.0499   0.7372  3.4721 18.0000  0.0000     42711  0.9500
  0.61685    243.68     243.682           0           0           0  35.0499   0.7216  3.6517 18.0000  0.0000     44568  0.9500
  0.58601    236.48     236.481           0           0           0  35.0499   0.7114  5.3462 18.0000  0.0000     46425  0.9500
  0.55671    239.36     239.363           0           0           0  35.0499   0.7097  3.1572 18.0000  0.0000     48282  0.9500
  0.52887    233.37     233.365           0           0           0  35.0499   0.6618  3.5391 18.0000  0.0000     50139  0.9500
  0.50243    236.67     236.672           0           0           0  35.0499   0.6742  2.6222 18.0000  0.0000     51996  0.9500
  0.47731    236.63     236.631           0           0           0  35.0499   0.6586  3.8900 18.0000  0.0000     53853  0.9500
  0.45344     231.7     231.703           0           0           0  35.0499   0.6198  3.9162 18.0000  0.0000     55710  0.9500
  0.43077    227.42     227.419           0           0           0  35.0499   0.6134  1.9608 18.0000  0.0000     57567  0.9500
  0.40923    224.07     224.073           0           0           0  35.0499   0.6015  5.9973 18.0000  0.0000     59424  0.9500
  0.38877    213.51     213.507           0           0           0  35.0499   0.5390  3.0159 18.0000  0.0000     61281  0.9500
  0.36933    213.74     213.741           0           0           0  35.0499   0.5261  2.3421 18.0000  0.0000     63138  0.9500
  0.35087     212.1     212.104           0           0           0  35.0499   0.5127  1.5490 18.0000  0.0000     64995  0.9500
  0.33332     211.8     211.801           0           0           0  35.0499   0.4911  2.6363 18.0000  0.0000     66852  0.9500
  0.31666    205.49      205.49           0           0           0  35.0499   0.4750  2.6124 18.0000  0.0000     68709  0.9500
  0.30082    201.83     201.827           0           0           0  35.0499   0.4680  2.4006 18.0000  0.0000     70566  0.9500
  0.28578    204.45     204.452           0           0           0  35.0499   0.4470  2.2094 18.0000  0.0000     72423  0.9500
  0.27149    199.48     199.476           0           0           0  35.0499   0.4545  2.2238 18.0000  0.0000     74280  0.9500
  0.25792    200.12     200.118           0           0           0  35.0499   0.4276  2.9074 18.0000  0.0000     76137  0.9500
  0.24502    198.91     198.913           0           0           0  35.0499   0.4066  1.9878 17.7763  0.0000     77994  0.9500
  0.23277    195.32     195.324           0           0           0  35.0499   0.4346  2.4245 17.1820  0.0000     79851  0.9500
  0.22113    191.22     191.222           0           0           0  35.0499   0.4060  3.1429 17.0888  0.0000     81708  0.9500
  0.21008    189.82      189.82           0           0           0  35.0499   0.3942  1.2087 16.5083  0.0000     83565  0.9500
  0.19957    182.25     182.255           0           0           0  35.0499   0.3802  2.4513 15.7519  0.0000     85422  0.9500
  0.18959    175.83     175.833           0           0           0  35.0499   0.3630  2.3897 14.8097  0.0000     87279  0.9500
  0.18011    168.74     168.741           0           0           0  35.0499   0.3500  1.2903 13.6686  0.0000     89136  0.9500
  0.17111    166.81     166.808           0           0           0  35.0499   0.3522  1.3766 12.4388  0.0000     90993  0.9500
  0.16255    167.19     167.186           0           0           0  35.0499   0.3673  0.5983 11.3465  0.0000     92850  0.9500
  0.15443    166.06      166.06           0           0           0  35.0499   0.3506  1.5040 10.5211  0.0000     94707  0.9500
  0.14670     163.6     163.602           0           0           0  35.0499   0.3667  1.3536  9.5802  0.0000     96564  0.9500
  0.13937    161.05     161.052           0           0           0  35.0499   0.3866  0.8361  8.8781  0.0000     98421  0.9500
  0.13240    157.92     157.923           0           0           0  35.0499   0.3753  1.2623  8.4044  0.0000    100278  0.9500
  0.12578    156.58     156.581           0           0           0  35.0499   0.3726  1.0450  7.8610  0.0000    102135  0.9500
  0.11949    155.16     155.163           0           0           0  35.0499   0.3829  2.1780  7.3315  0.0000    103992  0.9500
  0.11352    152.91     152.906           0           0           0  35.0499   0.3904  0.6858  6.9127  0.0000    105849  0.9500
  0.10784    150.62     150.617           0           0           0  35.0499   0.3953  0.9433  6.5699  0.0000    107706  0.9500
  0.10245    150.26     150.261           0           0           0  35.0499   0.3926  0.4639  6.2760  0.0000    109563  0.9500
  0.09733    150.55     150.552           0           0           0  35.0499   0.3953  0.7302  5.9783  0.0000    111420  0.9500
  0.09246    147.45     147.447           0           0           0  35.0499   0.3780  0.6354  5.7108  0.0000    113277  0.9500
  0.08784    145.16     145.157           0           0           0  35.0499   0.3726  1.0249  5.3569  0.0000    115134  0.9500
  0.08345    143.67     143.672           0           0           0  35.0499   0.3780  0.5412  4.9961  0.0000    116991  0.9500
  0.07927    142.71      142.71           0           0           0  35.0499   0.3813  0.4309  4.6865  0.0000    118848  0.9500
  0.07531    141.57     141.566           0           0           0  35.0499   0.3796  1.0881  4.4112  0.0000    120705  0.9500
  0.07154    139.36     139.357           0           0           0  35.0499   0.3667  0.6802  4.1450  0.0000    122562  0.9500
  0.06797    137.68     137.682           0           0           0  35.0499   0.4179  1.1633  3.8412  0.0000    124419  0.9500
  0.06457    136.78     136.781           0           0           0  35.0499   0.4066  0.4430  3.7563  0.0000    126276  0.9500
  0.06134    137.17     137.171           0           0           0  35.0499   0.3823  0.4895  3.6307  0.0000    128133  0.9500
  0.05827    135.62     135.625           0           0           0  35.0499   0.3700  1.0106  3.4213  0.0000    129990  0.9500
  0.05536    134.62     134.623           0           0           0  35.0499   0.3726  0.3754  3.1817  0.0000    131847  0.9500
  0.05259    134.14     134.136           0           0           0  35.0499   0.4389  0.2404  2.9674  0.0000    133704  0.9500
  0.04996    133.97     133.966           0           0           0  35.0499   0.4184  0.4253  2.9640  0.0000    135561  0.9500
  0.04746    133.14     133.135           0           0           0  35.0499   0.4216  0.4425  2.9001  0.0000    137418  0.9500
  0.04509    131.45     131.448           0           0           0  35.0499   0.3780  0.4354  2.8468  0.0000    139275  0.9500
  0.04284    130.84     130.843           0           0           0  35.0499   0.3683  0.5616  2.6704  0.0000    141132  0.9500
  0.04069    130.09     130.093           0           0           0  35.0499   0.3689  0.3466  2.4791  0.0000    142989  0.9500
  0.03866    129.59      129.59           0           0           0  35.0499   0.3549  0.2503  2.3027  0.0000    144846  0.9500
  0.03673    129.84     129.841           0           0           0  35.0499   0.3802  0.1924  2.1067  0.0000    146703  0.9500
  0.03489    129.02     129.016           0           0           0  35.0499   0.4410  0.3718  1.9807  0.0000    148560  0.9500
  0.03315     128.5     128.495           0           0           0  35.0499   0.4383  0.1584  1.9827  0.0000    150417  0.9500
  0.03149    128.04     128.035           0           0           0  35.0499   0.4200  0.1540  1.9794  0.0000    152274  0.9500
  0.02991    127.79     127.794           0           0           0  35.0499   0.4190  0.1323  1.9399  0.0000    154131  0.9500
  0.02842    128.09     128.093           0           0           0  35.0499   0.4286  0.3174  1.8991  0.0000    155988  0.9500
  0.02700    127.41     127.412           0           0           0  35.0499   0.4050  0.1811  1.8775  0.0000    157845  0.9500
  0.02565    127.42     127.424           0           0           0  35.0499   0.4109  0.1251  1.8117  0.0000    159702  0.9500
  0.02437    127.45     127.453           0           0           0  35.0499   0.3737  0.1360  1.7590  0.0000    161559  0.9500
  0.02315    127.26      127.26           0           0           0  35.0499   0.3947  0.1187  1.6424  0.0000    163416  0.9500
  0.02199    126.82     126.821           0           0           0  35.0499   0.3516  0.3802  1.5680  0.0000    165273  0.9500
  0.02089    126.17     126.169           0           0           0  35.0499   0.3317  0.2238  1.4295  0.0000    167130  0.9500
  0.01985    125.52      125.52           0           0           0  35.0499   0.3538  0.0662  1.2747  0.0000    168987  0.9500
  0.01885    125.15     125.148           0           0           0  35.0499   0.3263  0.1645  1.1648  0.0000    170844  0.9500
  0.01791    125.17     125.165           0           0           0  35.0499   0.3059  0.1068  1.0324  0.0000    172701  0.9500
  0.01702    124.97     124.972           0           0           0  35.0499   0.2994  0.1472  1.0000  0.0000    174558  0.9500
  0.01616    124.34     124.344           0           0           0  35.0499   0.2757  0.2293  1.0000  0.0000    176415  0.9500
  0.01536    124.45     124.454           0           0           0  35.0499   0.2897  0.0802  1.0000  0.0000    178272  0.9500
  0.01459    124.23     124.233           0           0           0  35.0499   0.2784  0.0579  1.0000  0.0000    180129  0.9500
  0.01386    124.23     124.228           0           0           0  35.0499   0.2779  0.0583  1.0000  0.0000    181986  0.9500
  0.01317       124     123.996           0           0           0  35.0499   0.2531  0.0758  1.0000  0.0000    183843  0.9500
  0.01251    124.07     124.072           0           0           0  35.0499   0.2526  0.0722  1.0000  0.0000    185700  0.9500
  0.01188    123.96     123.956           0           0           0  35.0499   0.2574  0.0465  1.0000  0.0000    187557  0.9500
  0.01129    123.93     123.933           0           0           0  35.0499   0.2461  0.0588  1.0000  0.0000    189414  0.9500
  0.01072    123.84     123.838           0           0           0  35.0499   0.2332  0.1008  1.0000  0.0000    191271  0.9500
  0.01019    123.72     123.716           0           0           0  35.0499   0.2278  0.0580  1.0000  0.0000    193128  0.9500
  0.00968    123.79     123.787           0           0           0  35.0499   0.2434  0.1199  1.0000  0.0000    194985  0.9500
  0.00919    123.57      123.57           0           0           0  35.0499   0.2149  0.0607  1.0000  0.0000    196842  0.9500
  0.00873    123.45     123.451           0           0           0  35.0499   0.2073  0.0509  1.0000  0.0000    198699  0.9500
  0.00830    123.36     123.363           0           0           0  35.0499   0.2132  0.0626  1.0000  0.0000    200556  0.9500
  0.00788    123.35     123.345           0           0           0  35.0499   0.2036  0.0315  1.0000  0.0000    202413  0.9500
  0.00749    123.21     123.214           0           0           0  35.0499   0.1901  0.0536  1.0000  0.0000    204270  0.9500
  0.00711    123.25     123.252           0           0           0  35.0499   0.1831  0.0556  1.0000  0.0000    206127  0.9500
  0.00676    123.16     123.159           0           0           0  35.0499   0.1712  0.0388  1.0000  0.0000    207984  0.9500
  0.00642    123.15     123.146           0           0           0  35.0499   0.1831  0.0384  1.0000  0.0000    209841  0.9500
  0.00610     123.1     123.104           0           0           0  35.0499   0.1842  0.0451  1.0000  0.0000    211698  0.9500
  0.00579    123.07     123.073           0           0           0  35.0499   0.1583  0.0432  1.0000  0.0000    213555  0.9500
  0.00550    122.99     122.986           0           0           0  35.0499   0.1529  0.0324  1.0000  0.0000    215412  0.9500
  0.00523    123.09     123.091           0           0           0  35.0499   0.1470  0.0290  1.0000  0.0000    217269  0.8000
  0.00418    123.06     123.056           0           0           0  35.0499   0.1519  0.0332  1.0000  0.0000    219126  0.9500
  0.00397    123.01     123.015           0           0           0  35.0499   0.1292  0.0153  1.0000  0.0000    220983  0.8000
  0.00318    122.96     122.959           0           0           0  35.0499   0.1341  0.0191  1.0000  0.0000    222840  0.8000
  0.00254    122.93     122.926           0           0           0  35.0499   0.1292  0.0182  1.0000  0.0000    224697  0.8000
  0.00203     122.9     122.902           0           0           0  35.0499   0.1055  0.0118  1.0000  0.0000    226554  0.8000
  0.00163    122.88     122.883           0           0           0  35.0499   0.1147  0.0000  1.0000  0.0000    228411  0.8000
  0.00130    122.88      122.88           0           0           0  35.0499   0.1185  0.0038  1.0000  0.0000    230268  0.8000
  0.00104    122.88     122.879           0           0           0  35.0499   0.1163  0.0000  1.0000  0.0000    232125  0.8000
  0.00083    122.88     122.878           0           0           0  35.0499   0.0996  0.0000  1.0000  0.0000    233982  0.8000
  0.00067    122.88     122.878           0           0           0  35.0499   0.1012  0.0000  1.0000  0.0000    235839  0.8000
  0.00053    122.88     122.878           0           0           0  35.0499   0.1066  0.0000  1.0000  0.0000    237696  0.8000
  0.00000    122.88     122.878           0           0           0            0.0942  0.0000  1.0000  0.0000    239553
