158.09605    736.84     736.839           0           0           0  44.6945   0.9985  9.7314 26.0000  0.0000     10520  0.5000
 79.04803    730.72     730.719           0           0           0  44.6945   0.9980 11.3554 26.0000  0.0000     21040  0.5000
 39.52401    732.08     732.081           0           0           0  44.6945   0.9972 10.2228 26.0000  0.0000     31560  0.5000
 19.76201    732.17     732.166           0           0           0  44.6945   0.9929  7.6515 26.0000  0.0000     42080  0.5000
  9.88100    732.54     732.544           0           0           0  44.6945   0.9879  8.0779 26.0000  0.0000     52600  0.5000
  4.94050     719.4     719.403           0           0           0  44.6945   0.9716  6.9654 26.0000  0.0000     63120  0.5000
  2.47025    710.72     710.723           0           0           0  44.6945   0.9467  9.7381 26.0000  0.0000     73640  0.9000
  2.22323    699.88     699.884           0           0           0  44.6945   0.9340  6.5954 26.0000  0.0000     84160  0.9000
  2.00090     703.1     703.096           0           0           0  44.6945   0.9348  7.6128 26.0000  0.0000     94680  0.9000
  1.80081    694.35     694.349           0           0           0  44.6945   0.9275  5.5096 26.0000  0.0000    105200  0.9000
  1.62073    685.09     685.092           0           0           0  44.6945   0.9182  7.1607 26.0000  0.0000    115720  0.9000
  1.45866    681.18     681.176           0           0           0  44.6945   0.9048  8.1525 26.0000  0.0000    126240  0.9000
  1.31279     675.4     675.404           0           0           0  44.6945   0.8919  7.0867 26.0000  0.0000    136760  0.9000
  1.18151    672.03     672.032           0           0           0  44.6945   0.8809  8.4532 26.0000  0.0000    147280  0.9000
  1.06336    668.35     668.347           0           0           0  44.6945   0.8815 10.7676 26.0000  0.0000    157800  0.9000
  0.95703    655.66     655.664           0           0           0  44.6945   0.8685  6.3745 26.0000  0.0000    168320  0.9000
  0.86132    646.16      646.16           0           0           0  44.6945   0.8502  6.8148 26.0000  0.0000    178840  0.9000
  0.77519    642.63     642.625           0           0           0  44.6945   0.8426  8.3500 26.0000  0.0000    189360  0.9000
  0.69767    624.17     624.165           0           0           0  44.6945   0.8229  8.5190 26.0000  0.0000    199880  0.9000
  0.62790     609.4     609.403           0           0           0  44.6945   0.7991  4.9218 26.0000  0.0000    210400  0.9500
  0.59651    607.47     607.471           0           0           0  44.6945   0.7957  6.9354 26.0000  0.0000    220920  0.9500
  0.56668    598.56     598.557           0           0           0  44.6945   0.7869  4.8875 26.0000  0.0000    231440  0.9500
  0.53835    601.88     601.884           0           0           0  44.6945   0.7774  6.1316 26.0000  0.0000    241960  0.9500
  0.51143    586.12     586.119           0           0           0  44.6945   0.7620  3.4592 26.0000  0.0000    252480  0.9500
  0.48586    577.61     577.607           0           0           0  44.6945   0.7539  5.5436 26.0000  0.0000    263000  0.9500
  0.46157    581.09     581.085           0           0           0  44.6945   0.7472  3.5776 26.0000  0.0000    273520  0.9500
  0.43849     584.3     584.302           0           0           0  44.6945   0.7454  2.8893 26.0000  0.0000    284040  0.9500
  0.41656    580.54     580.536           0           0           0  44.6945   0.7374  6.4613 26.0000  0.0000    294560  0.9500
  0.39574    557.82     557.815           0           0           0  44.6945   0.7217  8.0706 26.0000  0.0000    305080  0.9500
  0.37595    549.91     549.912           0           0           0  44.6945   0.7123  5.7221 26.0000  0.0000    315600  0.9500
  0.35715    540.06     540.061           0           0           0  44.6945   0.7008  3.3667 26.0000  0.0000    326120  0.9500
  0.33929    528.33     528.328           0           0           0  44.6945   0.6790  3.7608 26.0000  0.0000    336640  0.9500
  0.32233    521.94     521.942           0           0           0  44.6945   0.6681  3.6791 26.0000  0.0000    347160  0.9500
  0.30621    524.69     524.692           0           0           0  44.6945   0.6676  2.6128 26.0000  0.0000    357680  0.9500
  0.29090    513.56     513.559           0           0           0  44.6945   0.6618  5.2265 26.0000  0.0000    368200  0.9500
  0.27636    502.21      502.21           0           0           0  44.6945   0.6532  7.3180 26.0000  0.0000    378720  0.9500
  0.26254    490.15     490.149           0           0           0  44.6945   0.6505  3.6888 26.0000  0.0000    389240  0.9500
  0.24941     492.7     492.699           0           0           0  44.6945   0.6409  4.5926 26.0000  0.0000    399760  0.9500
  0.23694    480.74     480.745           0           0           0  44.6945   0.6213  1.9040 26.0000  0.0000    410280  0.9500
  0.22509    478.81      478.81           0           0           0  44.6945   0.6137  2.0714 26.0000  0.0000    420800  0.9500
  0.21384    468.86     468.862           0           0           0  44.6945   0.5922  2.1352 26.0000  0.0000    431320  0.9500
  0.20315    462.56     462.557           0           0           0  44.6945   0.5900  3.4936 26.0000  0.0000    441840  0.9500
  0.19299    459.46     459.462           0           0           0  44.6945   0.5849  2.7818 26.0000  0.0000    452360  0.9500
  0.18334    455.08     455.084           0           0           0  44.6945   0.5759  3.0682 26.0000  0.0000    462880  0.9500
  0.17417    452.74     452.736           0           0           0  44.6945   0.5642  1.1770 26.0000  0.0000    473400  0.9500
  0.16547    452.69     452.693           0           0           0  44.6945   0.5417  1.9266 26.0000  0.0000    483920  0.9500
  0.15719    443.81     443.807           0           0           0  44.6945   0.5187  2.5285 26.0000  0.0000    494440  0.9500
  0.14933    439.42     439.419           0           0           0  44.6945   0.5171  2.3580 26.0000  0.0000    504960  0.9500
  0.14187    435.78     435.782           0           0           0  44.6945   0.5096  2.3222 26.0000  0.0000    515480  0.9500
  0.13477    432.28      432.28           0           0           0  44.6945   0.5007  1.4973 26.0000  0.0000    526000  0.9500
  0.12803    426.26     426.257           0           0           0  44.6945   0.4872  2.3718 26.0000  0.0000    536520  0.9500
  0.12163    424.42     424.417           0           0           0  44.6945   0.4676  1.5799 26.0000  0.0000    547040  0.9500
  0.11555    418.33     418.335           0           0           0  44.6945   0.4517  1.2173 26.0000  0.0000    557560  0.9500
  0.10977    417.52      417.52           0           0           0  44.6945   0.4542  2.2338 26.0000  0.0000    568080  0.9500
  0.10428    417.12     417.119           0           0           0  44.6945   0.4396  1.0917 26.0000  0.0000    578600  0.9500
  0.09907    412.28     412.284           0           0           0  44.6945   0.4530  1.4098 25.9906  0.0000    589120  0.9500
  0.09412    408.63     408.629           0           0           0  44.6945   0.4202  1.2250 26.0000  0.0000    599640  0.9500
  0.08941    402.66     402.663           0           0           0  44.6945   0.4389  2.8386 25.4864  0.0000    610160  0.9500
  0.08494    397.48     397.483           0           0           0  44.6945   0.4252  0.8753 25.4578  0.0000    620680  0.9500
  0.08069     395.6     395.601           0           0           0  44.6945   0.3963  2.0621 25.0808  0.0000    631200  0.9500
  0.07666    393.94      393.94           0           0           0  44.6945   0.4251  2.1235 23.9846  0.0000    641720  0.9500
  0.07283    391.39     391.391           0           0           0  44.6945   0.4242  0.8833 23.6271  0.0000    652240  0.9500
  0.06918    390.51     390.511           0           0           0  44.6945   0.3971  1.2377 23.2547  0.0000    662760  0.9500
  0.06573    386.62     386.624           0           0           0  44.6945   0.3950  0.6635 22.2582  0.0000    673280  0.9500
  0.06244     384.2     384.201           0           0           0  44.6945   0.3826  1.7760 21.2558  0.0000    683800  0.9500
  0.05932    381.68     381.682           0           0           0  44.6945   0.3949  1.2748 20.0358  0.0000    694320  0.9500
  0.05635    378.32     378.317           0           0           0  44.6945   0.4008  1.6336 19.1315  0.0000    704840  0.9500
  0.05353    375.35     375.355           0           0           0  44.6945   0.4087  0.7260 18.3808  0.0000    715360  0.9500
  0.05086     374.9       374.9           0           0           0  44.6945   0.4201  0.6800 17.8046  0.0000    725880  0.9500
  0.04831    372.83     372.829           0           0           0  44.6945   0.4125  1.7895 17.4495  0.0000    736400  0.9500
  0.04590    369.37     369.374           0           0           0  44.6945   0.4021  0.9987 16.9688  0.0000    746920  0.9500
  0.04360     367.5     367.498           0           0           0  44.6945   0.4000  0.7293 16.3255  0.0000    757440  0.9500
  0.04142    364.82      364.82           0           0           0  44.6945   0.4043  1.3081 15.6725  0.0000    767960  0.9500
  0.03935    361.63     361.631           0           0           0  44.6945   0.3959  1.2498 15.1126  0.0000    778480  0.9500
  0.03738    359.21     359.209           0           0           0  44.6945   0.4034  0.9831 14.4464  0.0000    789000  0.9500
  0.03552    357.43     357.428           0           0           0  44.6945   0.4152  0.5168 13.9179  0.0000    799520  0.9500
  0.03374    355.43     355.433           0           0           0  44.6945   0.3969  1.0610 13.5729  0.0000    810040  0.9500
  0.03205    353.62     353.621           0           0           0  44.6945   0.4187  0.9219 12.9874  0.0000    820560  0.9500
  0.03045    351.23     351.232           0           0           0  44.6945   0.4015  0.9840 12.7111  0.0000    831080  0.9500
  0.02893    349.55     349.548           0           0           0  44.6945   0.3795  0.3421 12.2220  0.0000    841600  0.9500
  0.02748    348.57     348.572           0           0           0  44.6945   0.3956  0.2967 11.4822  0.0000    852120  0.9500
  0.02611    346.86      346.86           0           0           0  44.6945   0.4062  0.6144 10.9727  0.0000    862640  0.9500
  0.02480    344.97     344.973           0           0           0  44.6945   0.3976  0.7976 10.6016  0.0000    873160  0.9500
  0.02356    344.44     344.443           0           0           0  44.6945   0.3909  0.4105 10.1523  0.0000    883680  0.9500
  0.02238     342.9     342.905           0           0           0  44.6945   0.4157  0.5605  9.6536  0.0000    894200  0.9500
  0.02126    341.45     341.454           0           0           0  44.6945   0.3982  0.2565  9.4189  0.0000    904720  0.9500
  0.02020     339.4     339.402           0           0           0  44.6945   0.3779  0.7862  9.0251  0.0000    915240  0.9500
  0.01919     338.1     338.105           0           0           0  44.6945   0.3950  0.3026  8.4651  0.0000    925760  0.9500
  0.01823    337.35     337.354           0           0           0  44.6945   0.3949  0.6360  8.0838  0.0000    936280  0.9500
  0.01732    335.71     335.708           0           0           0  44.6945   0.4187  0.3011  7.7190  0.0000    946800  0.9500
  0.01645    334.09     334.088           0           0           0  44.6945   0.3814  0.5165  7.5547  0.0000    957320  0.9500
  0.01563    332.75     332.755           0           0           0  44.6945   0.3747  0.3762  7.1118  0.0000    967840  0.9500
  0.01485    331.59     331.595           0           0           0  44.6945   0.3877  0.5080  6.6475  0.0000    978360  0.9500
  0.01411    330.96     330.955           0           0           0  44.6945   0.3890  0.1794  6.3001  0.0000    988880  0.9500
  0.01340    329.73     329.734           0           0           0  44.6945   0.4051  0.2642  5.9786  0.0000    999400  0.9500
  0.01273    329.15     329.152           0           0           0  44.6945   0.3918  0.3990  5.7702  0.0000   1009920  0.9500
  0.01210    327.96     327.958           0           0           0  44.6945   0.4020  0.4759  5.4922  0.0000   1020440  0.9500
  0.01149    326.36     326.359           0           0           0  44.6945   0.3723  0.3255  5.2835  0.0000   1030960  0.9500
  0.01092    326.01     326.011           0           0           0  44.6945   0.4142  0.2296  4.9260  0.0000   1041480  0.9500
  0.01037    325.55     325.551           0           0           0  44.6945   0.4262  0.2602  4.7987  0.0000   1052000  0.9500
  0.00985    324.86     324.858           0           0           0  44.6945   0.3975  0.3437  4.7327  0.0000   1062520  0.9500
  0.00936    324.04     324.039           0           0           0  44.6945   0.3910  0.3053  4.5317  0.0000   1073040  0.9500
  0.00889    323.38     323.377           0           0           0  44.6945   0.3844  0.1713  4.3095  0.0000   1083560  0.9500
  0.00845    322.97     322.969           0           0           0  44.6945   0.3842  0.0977  4.0699  0.0000   1094080  0.9500
  0.00802    322.54     322.545           0           0           0  44.6945   0.4146  0.2348  3.8429  0.0000   1104600  0.9500
  0.00762    322.03     322.034           0           0           0  44.6945   0.3957  0.0949  3.7454  0.0000   1115120  0.9500
  0.00724    321.78     321.778           0           0           0  44.6945   0.3973  0.0966  3.5796  0.0000   1125640  0.9500
  0.00688    321.36     321.359           0           0           0  44.6945   0.3787  0.2014  3.4269  0.0000   1136160  0.9500
  0.00654     320.8     320.801           0           0           0  44.6945   0.3740  0.1317  3.2168  0.0000   1146680  0.9500
  0.00621     320.4     320.398           0           0           0  44.6945   0.3594  0.1461  3.0044  0.0000   1157200  0.9500
  0.00590    320.05     320.048           0           0           0  44.6945   0.4127  0.0666  2.7623  0.0000   1167720  0.9500
  0.00560    319.89      319.89           0           0           0  44.6945   0.4319  0.1109  2.6869  0.0000   1178240  0.9500
  0.00532    319.56      319.56           0           0           0  44.6945   0.4098  0.1044  2.6653  0.0000   1188760  0.9500
  0.00506     319.4     319.402           0           0           0  44.6945   0.3952  0.0808  2.5848  0.0000   1199280  0.9500
  0.00480    319.07     319.072           0           0           0  44.6945   0.3899  0.2061  2.4691  0.0000   1209800  0.9500
  0.00456    318.83      318.83           0           0           0  44.6945   0.3820  0.0601  2.3455  0.0000   1220320  0.9500
  0.00434    318.64     318.639           0           0           0  44.6945   0.3787  0.0354  2.2095  0.0000   1230840  0.9500
  0.00412    318.47     318.471           0           0           0  44.6945   0.3713  0.1131  2.0741  0.0000   1241360  0.9500
  0.00391    318.33     318.328           0           0           0  44.6945   0.4301  0.0505  1.9316  0.0000   1251880  0.9500
  0.00372    318.28     318.276           0           0           0  44.6945   0.4510  0.0397  1.9125  0.0000   1262400  0.9500
  0.00353    318.22     318.223           0           0           0  44.6945   0.4451  0.0425  1.9336  0.0000   1272920  0.9500
  0.00336    318.13     318.128           0           0           0  44.6945   0.4403  0.0279  1.9434  0.0000   1283440  0.9500
  0.00319    318.08     318.083           0           0           0  44.6945   0.4356  0.0240  1.9440  0.0000   1293960  0.9500
  0.00303    317.98     317.976           0           0           0  44.6945   0.4312  0.0333  1.9355  0.0000   1304480  0.9500
  0.00288    317.96      317.96           0           0           0  44.6945   0.4277  0.0162  1.9185  0.0000   1315000  0.9500
  0.00273     317.9     317.899           0           0           0  44.6945   0.4192  0.0201  1.8948  0.0000   1325520  0.9500
  0.00260    317.82     317.822           0           0           0  44.6945   0.4223  0.0479  1.8554  0.0000   1336040  0.9500
  0.00247    317.79     317.788           0           0           0  44.6945   0.4240  0.0302  1.8226  0.0000   1346560  0.9500
  0.00234    317.74     317.738           0           0           0  44.6945   0.4152  0.0190  1.7934  0.0000   1357080  0.9500
  0.00223    317.75     317.751           0           0           0  44.6945   0.4133  0.0175  1.7489  0.0000   1367600  0.9500
  0.00211    317.71     317.707           0           0           0  44.6945   0.4107  0.0268  1.7022  0.0000   1378120  0.9500
  0.00201    317.67      317.67           0           0           0  44.6945   0.4045  0.0266  1.6524  0.0000   1388640  0.9500
  0.00191    317.65     317.648           0           0           0  44.6945   0.3957  0.0139  1.5937  0.0000   1399160  0.9500
  0.00181    317.64      317.64           0           0           0  44.6945   0.3997  0.0140  1.5231  0.0000   1409680  0.9500
  0.00172    317.64     317.637           0           0           0  44.6945   0.3961  0.0178  1.4618  0.0000   1420200  0.9500
  0.00164    317.61     317.612           0           0           0  44.6945   0.3917  0.0244  1.3976  0.0000   1430720  0.9500
  0.00155    317.54     317.539           0           0           0  44.6945   0.3903  0.0000  1.3302  0.0000   1441240  0.9500
  0.00148    317.51     317.513           0           0           0  44.6945   0.3956  0.0240  1.2641  0.0000   1451760  0.9500
  0.00140    317.47     317.474           0           0           0  44.6945   0.3862  0.0000  1.2080  0.0000   1462280  0.9500
  0.00133    317.47      317.47           0           0           0  44.6945   0.3872  0.0000  1.1430  0.0000   1472800  0.9500
  0.00127    317.47     317.467           0           0           0  44.6945   0.3844  0.0000  1.0826  0.0000   1483320  0.9500
  0.00120    317.47     317.467           0           0           0  44.6945   0.3872  0.0099  1.0224  0.0000   1493840  0.9500
  0.00114    317.47     317.465           0           0           0  44.6945   0.3887  0.0155  1.0000  0.0000   1504360  0.9500
  0.00109    317.47     317.472           0           0           0  44.6945   0.3939  0.0161  1.0000  0.0000   1514880  0.9500
  0.00103    317.46     317.459           0           0           0  44.6945   0.3797  0.0000  1.0000  0.0000   1525400  0.9500
  0.00098    317.46     317.461           0           0           0  44.6945   0.3867  0.0155  1.0000  0.0000   1535920  0.9500
  0.00093    317.46     317.458           0           0           0  44.6945   0.3884  0.0000  1.0000  0.0000   1546440  0.9500
  0.00088    317.46     317.457           0           0           0  44.6945   0.3837  0.0000  1.0000  0.0000   1556960  0.9500
  0.00084    317.46     317.457           0           0           0  44.6945   0.3829  0.0240  1.0000  0.0000   1567480  0.9500
  0.00080    317.46     317.461           0           0           0  44.6945   0.3847  0.0150  1.0000  0.0000   1578000  0.9500
  0.00076    317.46     317.456           0           0           0  44.6945   0.3907  0.0000  1.0000  0.0000   1588520  0.9500
  0.00072    317.43     317.434           0           0           0  44.6945   0.3889  0.0205  1.0000  0.0000   1599040  0.9500
  0.00068     317.4     317.396           0           0           0  44.6945   0.3891  0.0000  1.0000  0.0000   1609560  0.9500
  0.00065    317.38     317.376           0           0           0  44.6945   0.3808  0.0000  1.0000  0.0000   1620080  0.9500
  0.00000    317.37     317.367           0           0           0            0.1772  0.0388  1.0000  0.0000   1630600

