147.29826    733.58     733.578           0           0           0  44.6945   0.9992  7.1097 26.0000  0.0000     10520  0.5000
 73.64913    734.54     734.542           0           0           0  44.6945   0.9984  9.0867 26.0000  0.0000     21040  0.5000
 36.82457     734.9     734.902           0           0           0  44.6945   0.9960  6.6161 26.0000  0.0000     31560  0.5000
 18.41228    732.85      732.85           0           0           0  44.6945   0.9930  8.2319 26.0000  0.0000     42080  0.5000
  9.20614    724.99     724.988           0           0           0  44.6945   0.9856  7.2982 26.0000  0.0000     52600  0.5000
  4.60307    714.06     714.059           0           0           0  44.6945   0.9696  7.4999 26.0000  0.0000     63120  0.5000
  2.30154    702.79      702.79           0           0           0  44.6945   0.9389  9.5192 26.0000  0.0000     73640  0.9000
  2.07138    701.78     701.777           0           0           0  44.6945   0.9393 10.0575 26.0000  0.0000     84160  0.9000
  1.86424    695.46     695.458           0           0           0  44.6945   0.9258  7.5467 26.0000  0.0000     94680  0.9000
  1.67782    692.35      692.35           0           0           0  44.6945   0.9172  6.1987 26.0000  0.0000    105200  0.9000
  1.51004    682.76     682.762           0           0           0  44.6945   0.9157  6.6179 26.0000  0.0000    115720  0.9000
  1.35903    679.14     679.139           0           0           0  44.6945   0.9024 10.5977 26.0000  0.0000    126240  0.9000
  1.22313    673.84     673.844           0           0           0  44.6945   0.8952  8.2729 26.0000  0.0000    136760  0.9000
  1.10082    670.27      670.27           0           0           0  44.6945   0.8814 10.0667 26.0000  0.0000    147280  0.9000
  0.99074    658.78      658.78           0           0           0  44.6945   0.8789  6.3907 26.0000  0.0000    157800  0.9000
  0.89166    654.82     654.824           0           0           0  44.6945   0.8547  6.9052 26.0000  0.0000    168320  0.9000
  0.80250    643.53     643.525           0           0           0  44.6945   0.8466  5.1299 26.0000  0.0000    178840  0.9000
  0.72225    638.59      638.59           0           0           0  44.6945   0.8320  6.8283 26.0000  0.0000    189360  0.9000
  0.65002    618.78     618.775           0           0           0  44.6945   0.8127  6.1753 26.0000  0.0000    199880  0.9000
  0.58502    607.18     607.175           0           0           0  44.6945   0.7976  4.0715 26.0000  0.0000    210400  0.9500
  0.55577    590.38     590.378           0           0           0  44.6945   0.7683  5.9230 26.0000  0.0000    220920  0.9500
  0.52798     593.4     593.404           0           0           0  44.6945   0.7731  4.3565 26.0000  0.0000    231440  0.9500
  0.50158    590.37     590.372           0           0           0  44.6945   0.7649  3.5708 26.0000  0.0000    241960  0.9500
  0.47650     584.2     584.202           0           0           0  44.6945   0.7560  3.3529 26.0000  0.0000    252480  0.9500
  0.45268    571.33     571.333           0           0           0  44.6945   0.7362  9.5818 26.0000  0.0000    263000  0.9500
  0.43004    565.82     565.816           0           0           0  44.6945   0.7341  3.2149 26.0000  0.0000    273520  0.9500
  0.40854    547.68     547.682           0           0           0  44.6945   0.7141  4.0467 26.0000  0.0000    284040  0.9500
  0.38811    549.35     549.346           0           0           0  44.6945   0.7047  4.8243 26.0000  0.0000    294560  0.9500
  0.36871    540.13     540.133           0           0           0  44.6945   0.7010  3.6551 26.0000  0.0000    305080  0.9500
  0.35027    538.15     538.154           0           0           0  44.6945   0.6941  3.7674 26.0000  0.0000    315600  0.9500
  0.33276    538.16     538.155           0           0           0  44.6945   0.6735  4.3515 26.0000  0.0000    326120  0.9500
  0.31612    521.23     521.229           0           0           0  44.6945   0.6748  5.7913 26.0000  0.0000    336640  0.9500
  0.30032    514.72     514.725           0           0           0  44.6945   0.6660  6.2117 26.0000  0.0000    347160  0.9500
  0.28530    498.37     498.367           0           0           0  44.6945   0.6538  3.7143 26.0000  0.0000    357680  0.9500
  0.27103    492.02     492.023           0           0           0  44.6945   0.6497  3.0760 26.0000  0.0000    368200  0.9500
  0.25748    484.67     484.666           0           0           0  44.6945   0.6348  4.3453 26.0000  0.0000    378720  0.9500
  0.24461    475.52     475.517           0           0           0  44.6945   0.6119  4.2328 26.0000  0.0000    389240  0.9500
  0.23238    468.69     468.685           0           0           0  44.6945   0.6160  2.5936 26.0000  0.0000    399760  0.9500
  0.22076    466.74     466.741           0           0           0  44.6945   0.6155  2.1180 26.0000  0.0000    410280  0.9500
  0.20972    466.36     466.358           0           0           0  44.6945   0.6024  3.1766 26.0000  0.0000    420800  0.9500
  0.19924    461.34     461.344           0           0           0  44.6945   0.5914  2.1327 26.0000  0.0000    431320  0.9500
  0.18927    458.47     458.473           0           0           0  44.6945   0.5849  4.5663 26.0000  0.0000    441840  0.9500
  0.17981     450.2     450.197           0           0           0  44.6945   0.5741  1.9919 26.0000  0.0000    452360  0.9500
  0.17082    450.37     450.371           0           0           0  44.6945   0.5625  1.4732 26.0000  0.0000    462880  0.9500
  0.16228    446.06     446.064           0           0           0  44.6945   0.5449  2.4169 26.0000  0.0000    473400  0.9500
  0.15416     442.5     442.497           0           0           0  44.6945   0.5436  1.6325 26.0000  0.0000    483920  0.9500
  0.14646    435.74     435.741           0           0           0  44.6945   0.5175  3.5596 26.0000  0.0000    494440  0.9500
  0.13913    428.37     428.368           0           0           0  44.6945   0.5125  2.0703 26.0000  0.0000    504960  0.9500
  0.13218    424.26     424.256           0           0           0  44.6945   0.4978  2.0629 26.0000  0.0000    515480  0.9500
  0.12557    420.83     420.834           0           0           0  44.6945   0.4866  1.9655 26.0000  0.0000    526000  0.9500
  0.11929    413.81     413.809           0           0           0  44.6945   0.4539  2.1547 26.0000  0.0000    536520  0.9500
  0.11332    413.44     413.444           0           0           0  44.6945   0.4524  1.8454 26.0000  0.0000    547040  0.9500
  0.10766    411.64     411.637           0           0           0  44.6945   0.4370  1.4174 26.0000  0.0000    557560  0.9500
  0.10228    408.93     408.928           0           0           0  44.6945   0.4644  1.7112 25.9214  0.0000    568080  0.9500
  0.09716    405.26      405.26           0           0           0  44.6945   0.4152  2.8838 26.0000  0.0000    578600  0.9500
  0.09230    400.42     400.418           0           0           0  44.6945   0.4360  1.5086 25.3554  0.0000    589120  0.9500
  0.08769    397.79     397.791           0           0           0  44.6945   0.4277  1.5800 25.2547  0.0000    599640  0.9500
  0.08330    395.21     395.206           0           0           0  44.6945   0.4337  0.9474 24.9431  0.0000    610160  0.9500
  0.07914    391.43     391.432           0           0           0  44.6945   0.4104  1.3119 24.7871  0.0000    620680  0.9500
  0.07518    389.44     389.435           0           0           0  44.6945   0.4077  1.6019 24.0524  0.0000    631200  0.9500
  0.07142    383.95     383.955           0           0           0  44.6945   0.4004  1.7658 23.2755  0.0000    641720  0.9500
  0.06785    381.58      381.58           0           0           0  44.6945   0.3889  0.9943 22.3533  0.0000    652240  0.9500
  0.06446    380.93     380.926           0           0           0  44.6945   0.4016  1.0153 21.2106  0.0000    662760  0.9500
  0.06124    380.58      380.58           0           0           0  44.6945   0.4182  0.9429 20.3965  0.0000    673280  0.9500
  0.05817    377.59     377.589           0           0           0  44.6945   0.4112  1.1854 19.9509  0.0000    683800  0.9500
  0.05527     374.6     374.603           0           0           0  44.6945   0.3934  1.7310 19.3767  0.0000    694320  0.9500
  0.05250    372.92     372.917           0           0           0  44.6945   0.4041  1.0251 18.4745  0.0000    704840  0.9500
  0.04988    370.45     370.446           0           0           0  44.6945   0.4203  1.0665 17.8110  0.0000    715360  0.9500
  0.04738    368.08     368.079           0           0           0  44.6945   0.4041  1.0381 17.4609  0.0000    725880  0.9500
  0.04501    366.67     366.669           0           0           0  44.6945   0.4043  0.7836 16.8338  0.0000    736400  0.9500
  0.04276    365.17     365.167           0           0           0  44.6945   0.3986  0.7558 16.2325  0.0000    746920  0.9500
  0.04063    361.64     361.637           0           0           0  44.6945   0.4042  1.2430 15.5601  0.0000    757440  0.9500
  0.03859    359.54     359.536           0           0           0  44.6945   0.3898  0.4909 15.0027  0.0000    767960  0.9500
  0.03666    358.93     358.934           0           0           0  44.6945   0.3925  0.9387 14.2500  0.0000    778480  0.9500
  0.03483    355.74     355.741           0           0           0  44.6945   0.4056  0.7379 13.5730  0.0000    789000  0.9500
  0.03309    353.57     353.569           0           0           0  44.6945   0.3907  0.8267 13.1062  0.0000    799520  0.9500
  0.03144    350.58     350.579           0           0           0  44.6945   0.3970  0.9809 12.4599  0.0000    810040  0.9500
  0.02986    348.16     348.157           0           0           0  44.6945   0.4011  0.4494 11.9236  0.0000    820560  0.9500
  0.02837    347.16     347.157           0           0           0  44.6945   0.3961  0.5507 11.4602  0.0000    831080  0.9500
  0.02695    345.65     345.646           0           0           0  44.6945   0.4191  0.4479 10.9572  0.0000    841600  0.9500
  0.02560    343.96     343.965           0           0           0  44.6945   0.3998  0.5897 10.7282  0.0000    852120  0.9500
  0.02432     341.9     341.902           0           0           0  44.6945   0.3837  0.7826 10.2971  0.0000    862640  0.9500
  0.02311    339.72     339.722           0           0           0  44.6945   0.3975  0.4469  9.7168  0.0000    873160  0.9500
  0.02195    338.67     338.667           0           0           0  44.6945   0.3893  0.2351  9.3041  0.0000    883680  0.9500
  0.02085    338.08      338.08           0           0           0  44.6945   0.3972  0.4139  8.8320  0.0000    894200  0.9500
  0.01981     336.9     336.902           0           0           0  44.6945   0.4035  0.5277  8.4544  0.0000    904720  0.9500
  0.01882     334.7     334.697           0           0           0  44.6945   0.3859  0.6566  8.1460  0.0000    915240  0.9500
  0.01788    333.41     333.413           0           0           0  44.6945   0.3956  0.2219  7.7055  0.0000    925760  0.9500
  0.01699    332.88     332.876           0           0           0  44.6945   0.3972  0.2757  7.3636  0.0000    936280  0.9500
  0.01614    331.66     331.655           0           0           0  44.6945   0.3982  0.5856  7.0488  0.0000    946800  0.9500
  0.01533    330.33     330.328           0           0           0  44.6945   0.4153  0.3430  6.7541  0.0000    957320  0.9500
  0.01456    329.99     329.987           0           0           0  44.6945   0.3983  0.1965  6.5873  0.0000    967840  0.9500
  0.01384    329.35      329.35           0           0           0  44.6945   0.3905  0.2368  6.3125  0.0000    978360  0.9500
  0.01314    328.09     328.092           0           0           0  44.6945   0.3876  0.4788  6.0000  0.0000    988880  0.9500
  0.01249    326.66     326.656           0           0           0  44.6945   0.3994  0.2703  5.6859  0.0000    999400  0.9500
  0.01186     326.1     326.095           0           0           0  44.6945   0.3952  0.2484  5.4552  0.0000   1009920  0.9500
  0.01127    324.67     324.669           0           0           0  44.6945   0.3884  0.2195  5.2105  0.0000   1020440  0.9500
  0.01071    324.15     324.154           0           0           0  44.6945   0.4206  0.3151  4.9417  0.0000   1030960  0.9500
  0.01017    323.46     323.462           0           0           0  44.6945   0.4012  0.1433  4.8460  0.0000   1041480  0.9500
  0.00966    323.08     323.079           0           0           0  44.6945   0.3928  0.2494  4.6581  0.0000   1052000  0.9500
  0.00918     322.7     322.695           0           0           0  44.6945   0.3845  0.1722  4.4381  0.0000   1062520  0.9500
  0.00872    322.46     322.464           0           0           0  44.6945   0.3817  0.1422  4.1918  0.0000   1073040  0.9500
  0.00828    321.83     321.835           0           0           0  44.6945   0.4156  0.2551  3.9477  0.0000   1083560  0.9500
  0.00787    321.25      321.25           0           0           0  44.6945   0.4266  0.2652  3.8513  0.0000   1094080  0.9500
  0.00748    320.62     320.623           0           0           0  44.6945   0.3960  0.1030  3.7998  0.0000   1104600  0.9500
  0.00710    320.14     320.144           0           0           0  44.6945   0.3928  0.1796  3.6326  0.0000   1115120  0.9500
  0.00675    319.74     319.735           0           0           0  44.6945   0.3885  0.0797  3.4610  0.0000   1125640  0.9500
  0.00641    319.71     319.707           0           0           0  44.6945   0.3836  0.0635  3.2828  0.0000   1136160  0.9500
  0.00609     319.4     319.398           0           0           0  44.6945   0.3820  0.1580  3.0975  0.0000   1146680  0.9500
  0.00578     319.1     319.097           0           0           0  44.6945   0.4287  0.0806  2.9179  0.0000   1157200  0.9500
  0.00550    318.75     318.746           0           0           0  44.6945   0.4195  0.1894  2.8850  0.0000   1167720  0.9500
  0.00522    318.33     318.333           0           0           0  44.6945   0.3972  0.1992  2.8258  0.0000   1178240  0.9500
  0.00496    317.89     317.888           0           0           0  44.6945   0.3958  0.0592  2.7050  0.0000   1188760  0.9500
  0.00471    317.69     317.692           0           0           0  44.6945   0.3861  0.0593  2.5855  0.0000   1199280  0.9500
  0.00448    317.57     317.569           0           0           0  44.6945   0.3971  0.0388  2.4462  0.0000   1209800  0.9500
  0.00425    317.38     317.385           0           0           0  44.6945   0.3961  0.0915  2.3414  0.0000   1220320  0.9500
  0.00404    317.26     317.265           0           0           0  44.6945   0.3922  0.0555  2.2386  0.0000   1230840  0.9500
  0.00384    317.31      317.31           0           0           0  44.6945   0.3781  0.0376  2.1316  0.0000   1241360  0.9500
  0.00365    317.15     317.154           0           0           0  44.6945   0.4544  0.0526  1.9997  0.0000   1251880  0.9500
  0.00346    317.09     317.093           0           0           0  44.6945   0.3556  0.0271  2.0285  0.0000   1262400  0.9500
  0.00329    317.05     317.047           0           0           0  44.6945   0.4376  0.0225  1.8573  0.0000   1272920  0.9500
  0.00313    316.96     316.955           0           0           0  44.6945   0.4399  0.0495  1.8529  0.0000   1283440  0.9500
  0.00297    316.93     316.932           0           0           0  44.6945   0.4430  0.0196  1.8528  0.0000   1293960  0.9500
  0.00282    316.91     316.908           0           0           0  44.6945   0.4366  0.0264  1.8582  0.0000   1304480  0.9500
  0.00268    316.93     316.927           0           0           0  44.6945   0.4370  0.0243  1.8519  0.0000   1315000  0.9500
  0.00255    316.87     316.871           0           0           0  44.6945   0.4360  0.0181  1.8463  0.0000   1325520  0.9500
  0.00242    316.88     316.877           0           0           0  44.6945   0.4275  0.0280  1.8390  0.0000   1336040  0.9500
  0.00230    316.82     316.821           0           0           0  44.6945   0.4328  0.0198  1.8160  0.0000   1346560  0.9500
  0.00218    316.81     316.815           0           0           0  44.6945   0.4315  0.0186  1.8029  0.0000   1357080  0.9500
  0.00207     316.8     316.801           0           0           0  44.6945   0.4170  0.0233  1.7875  0.0000   1367600  0.9500
  0.00197    316.75     316.755           0           0           0  44.6945   0.4187  0.0356  1.7464  0.0000   1378120  0.9500
  0.00187     316.7     316.697           0           0           0  44.6945   0.4017  0.0000  1.7092  0.0000   1388640  0.9500
  0.00178    316.67     316.668           0           0           0  44.6945   0.4106  0.0052  1.6438  0.0000   1399160  0.9500
  0.00169    316.67     316.665           0           0           0  44.6945   0.4229  0.0127  1.5954  0.0000   1409680  0.9500
  0.00160    316.65     316.648           0           0           0  44.6945   0.4100  0.0164  1.5681  0.0000   1420200  0.9500
  0.00152    316.63     316.631           0           0           0  44.6945   0.4166  0.0000  1.5210  0.0000   1430720  0.9500
  0.00145    316.62     316.621           0           0           0  44.6945   0.4131  0.0214  1.4855  0.0000   1441240  0.9500
  0.00138    316.61     316.613           0           0           0  44.6945   0.4153  0.0000  1.4456  0.0000   1451760  0.9500
  0.00131    316.61     316.612           0           0           0  44.6945   0.4069  0.0160  1.4099  0.0000   1462280  0.9500
  0.00124     316.6     316.599           0           0           0  44.6945   0.3987  0.0086  1.3633  0.0000   1472800  0.9500
  0.00118     316.6     316.598           0           0           0  44.6945   0.4024  0.0000  1.3069  0.0000   1483320  0.9500
  0.00112    316.59     316.591           0           0           0  44.6945   0.3915  0.0109  1.2577  0.0000   1493840  0.9500
  0.00106    316.59      316.59           0           0           0  44.6945   0.3992  0.0128  1.1968  0.0000   1504360  0.9500
  0.00101    316.59     316.587           0           0           0  44.6945   0.3994  0.0092  1.1480  0.0000   1514880  0.9500
  0.00096    316.59      316.59           0           0           0  44.6945   0.3940  0.0000  1.1014  0.0000   1525400  0.9500
  0.00091    316.58     316.584           0           0           0  44.6945   0.4013  0.0000  1.0508  0.0000   1535920  0.9500
  0.00087    316.58     316.583           0           0           0  44.6945   0.4087  0.0091  1.0102  0.0000   1546440  0.9500
  0.00082    316.58     316.582           0           0           0  44.6945   0.4166  0.0000  1.0000  0.0000   1556960  0.9500
  0.00078    316.56     316.561           0           0           0  44.6945   0.4091  0.0208  1.0000  0.0000   1567480  0.9500
  0.00074    316.56     316.556           0           0           0  44.6945   0.4014  0.0000  1.0000  0.0000   1578000  0.9500
  0.00071    316.55     316.553           0           0           0  44.6945   0.4010  0.0000  1.0000  0.0000   1588520  0.9500
  0.00067    316.55     316.548           0           0           0  44.6945   0.3882  0.0000  1.0000  0.0000   1599040  0.9500
  0.00064    316.55     316.551           0           0           0  44.6945   0.3963  0.0000  1.0000  0.0000   1609560  0.9500
  0.00000    316.55     316.546           0           0           0            0.1837  0.0194  1.0000  0.0000   1620080

