133.67775    733.07     733.067           0           0           0  44.6945   0.9987  6.7206 26.0000  0.0000     10520  0.5000
 66.83887     735.2     735.204           0           0           0  44.6945   0.9976  9.1922 26.0000  0.0000     21040  0.5000
 33.41944    734.66     734.661           0           0           0  44.6945   0.9958  8.3903 26.0000  0.0000     31560  0.5000
 16.70972    731.18     731.179           0           0           0  44.6945   0.9927  8.2190 26.0000  0.0000     42080  0.5000
  8.35486     727.3     727.295           0           0           0  44.6945   0.9805 11.6241 26.0000  0.0000     52600  0.5000
  4.17743    714.81      714.81           0           0           0  44.6945   0.9689 10.1618 26.0000  0.0000     63120  0.5000
  2.08871    709.84     709.844           0           0           0  44.6945   0.9421  6.2614 26.0000  0.0000     73640  0.9000
  1.87984    688.31     688.313           0           0           0  44.6945   0.9334  7.0360 26.0000  0.0000     84160  0.9000
  1.69186    691.45     691.447           0           0           0  44.6945   0.9186  8.4572 26.0000  0.0000     94680  0.9000
  1.52267    689.64     689.644           0           0           0  44.6945   0.9135  6.3280 26.0000  0.0000    105200  0.9000
  1.37041    668.89     668.888           0           0           0  44.6945   0.9016  6.5545 26.0000  0.0000    115720  0.9000
  1.23337    676.94      676.94           0           0           0  44.6945   0.8968  6.5158 26.0000  0.0000    126240  0.9000
  1.11003    672.47      672.47           0           0           0  44.6945   0.8870  7.4756 26.0000  0.0000    136760  0.9000
  0.99903    664.47     664.469           0           0           0  44.6945   0.8712  7.3596 26.0000  0.0000    147280  0.9000
  0.89912    657.36     657.357           0           0           0  44.6945   0.8621  8.6683 26.0000  0.0000    157800  0.9000
  0.80921    653.72     653.722           0           0           0  44.6945   0.8520  7.5956 26.0000  0.0000    168320  0.9000
  0.72829     631.3     631.296           0           0           0  44.6945   0.8169  7.6051 26.0000  0.0000    178840  0.9000
  0.65546    622.99      622.99           0           0           0  44.6945   0.8136 10.6073 26.0000  0.0000    189360  0.9000
  0.58991    609.86     609.863           0           0           0  44.6945   0.7933  7.1586 26.0000  0.0000    199880  0.9500
  0.56042    613.96     613.965           0           0           0  44.6945   0.7934  4.1775 26.0000  0.0000    210400  0.9500
  0.53240    604.67      604.67           0           0           0  44.6945   0.7825  4.0297 26.0000  0.0000    220920  0.9500
  0.50578    598.23     598.227           0           0           0  44.6945   0.7779  9.1882 26.0000  0.0000    231440  0.9500
  0.48049    588.48     588.478           0           0           0  44.6945   0.7660  2.8700 26.0000  0.0000    241960  0.9500
  0.45646    584.51     584.515           0           0           0  44.6945   0.7498  7.8169 26.0000  0.0000    252480  0.9500
  0.43364    568.51     568.509           0           0           0  44.6945   0.7420  4.5680 26.0000  0.0000    263000  0.9500
  0.41196    562.86     562.856           0           0           0  44.6945   0.7185  5.1951 26.0000  0.0000    273520  0.9500
  0.39136    546.23     546.228           0           0           0  44.6945   0.7128  6.5288 26.0000  0.0000    284040  0.9500
  0.37179    538.38     538.381           0           0           0  44.6945   0.7066  5.3624 26.0000  0.0000    294560  0.9500
  0.35320    533.39     533.392           0           0           0  44.6945   0.6976  6.7192 26.0000  0.0000    305080  0.9500
  0.33554    519.54     519.539           0           0           0  44.6945   0.6985  3.7555 26.0000  0.0000    315600  0.9500
  0.31877    515.35     515.349           0           0           0  44.6945   0.6778  3.0363 26.0000  0.0000    326120  0.9500
  0.30283    506.22     506.217           0           0           0  44.6945   0.6711  5.4260 26.0000  0.0000    336640  0.9500
  0.28769    502.43     502.435           0           0           0  44.6945   0.6532  2.4728 26.0000  0.0000    347160  0.9500
  0.27330    500.03     500.031           0           0           0  44.6945   0.6486  2.7293 26.0000  0.0000    357680  0.9500
  0.25964    491.24     491.237           0           0           0  44.6945   0.6355  4.8923 26.0000  0.0000    368200  0.9500
  0.24666     476.1       476.1           0           0           0  44.6945   0.6412  3.3738 26.0000  0.0000    378720  0.9500
  0.23432     473.4     473.398           0           0           0  44.6945   0.6402  2.1474 26.0000  0.0000    389240  0.9500
  0.22261       465     464.995           0           0           0  44.6945   0.6172  2.5949 26.0000  0.0000    399760  0.9500
  0.21148    461.72      461.72           0           0           0  44.6945   0.5992  2.4715 26.0000  0.0000    410280  0.9500
  0.20090    460.93     460.933           0           0           0  44.6945   0.5929  2.6329 26.0000  0.0000    420800  0.9500
  0.19086    454.17     454.171           0           0           0  44.6945   0.5892  2.5475 26.0000  0.0000    431320  0.9500
  0.18131    450.72     450.725           0           0           0  44.6945   0.5806  1.6750 26.0000  0.0000    441840  0.9500
  0.17225    446.94      446.94           0           0           0  44.6945   0.5599  1.9153 26.0000  0.0000    452360  0.9500
  0.16364    442.25     442.249           0           0           0  44.6945   0.5374  3.7024 26.0000  0.0000    462880  0.9500
  0.15545     437.5       437.5           0           0           0  44.6945   0.5371  1.7717 26.0000  0.0000    473400  0.9500
  0.14768    437.17     437.167           0           0           0  44.6945   0.5203  3.6755 26.0000  0.0000    483920  0.9500
  0.14030    431.22     431.222           0           0           0  44.6945   0.5113  2.0655 26.0000  0.0000    494440  0.9500
  0.13328    427.86     427.857           0           0           0  44.6945   0.5058  1.5309 26.0000  0.0000    504960  0.9500
  0.12662    421.34      421.34           0           0           0  44.6945   0.4875  2.4621 26.0000  0.0000    515480  0.9500
  0.12029    417.11     417.114           0           0           0  44.6945   0.4806  1.5327 26.0000  0.0000    526000  0.9500
  0.11427    414.07     414.071           0           0           0  44.6945   0.4648  2.4684 26.0000  0.0000    536520  0.9500
  0.10856    408.81     408.815           0           0           0  44.6945   0.4555  0.8523 26.0000  0.0000    547040  0.9500
  0.10313    407.62     407.623           0           0           0  44.6945   0.4281  1.0304 26.0000  0.0000    557560  0.9500
  0.09798    407.91     407.914           0           0           0  44.6945   0.4614  1.1897 25.6916  0.0000    568080  0.9500
  0.09308    404.85     404.847           0           0           0  44.6945   0.4042  2.3544 26.0000  0.0000    578600  0.9500
  0.08842    402.97     402.971           0           0           0  44.6945   0.4292  1.5786 25.0687  0.0000    589120  0.9500
  0.08400    400.29     400.286           0           0           0  44.6945   0.4368  1.8510 24.7976  0.0000    599640  0.9500
  0.07980    396.45     396.455           0           0           0  44.6945   0.4133  1.3462 24.7179  0.0000    610160  0.9500
  0.07581    393.67     393.672           0           0           0  44.6945   0.4043  1.5240 24.0581  0.0000    620680  0.9500
  0.07202    392.07     392.072           0           0           0  44.6945   0.4096  1.2812 23.1987  0.0000    631200  0.9500
  0.06842    387.84     387.839           0           0           0  44.6945   0.4136  1.9786 22.4935  0.0000    641720  0.9500
  0.06500    382.61     382.607           0           0           0  44.6945   0.4027  1.4033 21.8995  0.0000    652240  0.9500
  0.06175    381.45     381.451           0           0           0  44.6945   0.3940  0.7675 21.0818  0.0000    662760  0.9500
  0.05866    380.23     380.226           0           0           0  44.6945   0.3962  0.8232 20.1123  0.0000    673280  0.9500
  0.05573    376.23     376.229           0           0           0  44.6945   0.3959  1.7493 19.2313  0.0000    683800  0.9500
  0.05294    374.14      374.14           0           0           0  44.6945   0.4049  0.8159 18.3835  0.0000    694320  0.9500
  0.05029    371.31     371.309           0           0           0  44.6945   0.4087  1.0715 17.7390  0.0000    704840  0.9500
  0.04778    368.77     368.766           0           0           0  44.6945   0.3922  1.5544 17.1846  0.0000    715360  0.9500
  0.04539    366.87     366.872           0           0           0  44.6945   0.4006  0.7793 16.3632  0.0000    725880  0.9500
  0.04312    366.45     366.447           0           0           0  44.6945   0.4247  0.4706 15.7180  0.0000    736400  0.9500
  0.04097    363.53      363.53           0           0           0  44.6945   0.4046  1.6906 15.4778  0.0000    746920  0.9500
  0.03892    358.44     358.436           0           0           0  44.6945   0.4069  0.6235 14.9293  0.0000    757440  0.9500
  0.03697    357.15     357.148           0           0           0  44.6945   0.4022  1.2177 14.4357  0.0000    767960  0.9500
  0.03512    353.97      353.97           0           0           0  44.6945   0.4028  0.9199 13.8898  0.0000    778480  0.9500
  0.03337    350.81     350.811           0           0           0  44.6945   0.3836  0.6980 13.3725  0.0000    789000  0.9500
  0.03170    348.44     348.436           0           0           0  44.6945   0.3913  0.5968 12.6177  0.0000    799520  0.9500
  0.03011    347.59     347.588           0           0           0  44.6945   0.3815  0.3585 12.0039  0.0000    810040  0.9500
  0.02861    346.95     346.953           0           0           0  44.6945   0.3919  0.3888 11.3012  0.0000    820560  0.9500
  0.02718    345.05     345.048           0           0           0  44.6945   0.3934  0.9326 10.7579  0.0000    831080  0.9500
  0.02582    342.98     342.979           0           0           0  44.6945   0.3955  0.4711 10.2570  0.0000    841600  0.9500
  0.02453    341.64     341.638           0           0           0  44.6945   0.4035  0.4174  9.8009  0.0000    852120  0.9500
  0.02330    340.46     340.455           0           0           0  44.6945   0.3980  0.4756  9.4433  0.0000    862640  0.9500
  0.02214    339.19     339.188           0           0           0  44.6945   0.4018  0.4382  9.0467  0.0000    873160  0.9500
  0.02103    338.09      338.09           0           0           0  44.6945   0.4075  0.7174  8.7012  0.0000    883680  0.9500
  0.01998     336.4     336.397           0           0           0  44.6945   0.4013  0.4613  8.4185  0.0000    894200  0.9500
  0.01898    335.13     335.126           0           0           0  44.6945   0.3909  0.7919  8.0930  0.0000    904720  0.9500
  0.01803    333.28     333.277           0           0           0  44.6945   0.4053  0.2313  7.6954  0.0000    915240  0.9500
  0.01713    332.81      332.81           0           0           0  44.6945   0.4066  0.3441  7.4285  0.0000    925760  0.9500
  0.01627    331.55     331.551           0           0           0  44.6945   0.3923  0.2521  7.1801  0.0000    936280  0.9500
  0.01546    331.12     331.117           0           0           0  44.6945   0.4234  0.4754  6.8376  0.0000    946800  0.9500
  0.01469    330.19     330.192           0           0           0  44.6945   0.4107  0.2193  6.7240  0.0000    957320  0.9500
  0.01395    329.73      329.73           0           0           0  44.6945   0.4112  0.2588  6.5273  0.0000    967840  0.9500
  0.01325    328.74      328.74           0           0           0  44.6945   0.3929  0.2614  6.3394  0.0000    978360  0.9500
  0.01259     327.7     327.701           0           0           0  44.6945   0.3738  0.5839  6.0406  0.0000    988880  0.9500
  0.01196    326.46     326.462           0           0           0  44.6945   0.4007  0.3657  5.6405  0.0000    999400  0.9500
  0.01136    325.63     325.631           0           0           0  44.6945   0.3914  0.1571  5.4187  0.0000   1009920  0.9500
  0.01080     324.9     324.895           0           0           0  44.6945   0.3900  0.4712  5.1556  0.0000   1020440  0.9500
  0.01026    324.17     324.168           0           0           0  44.6945   0.4144  0.2825  4.8979  0.0000   1030960  0.9500
  0.00974     323.2     323.202           0           0           0  44.6945   0.3974  0.1554  4.7723  0.0000   1041480  0.9500
  0.00926    323.03     323.033           0           0           0  44.6945   0.3917  0.1251  4.5691  0.0000   1052000  0.9500
  0.00879    322.53     322.534           0           0           0  44.6945   0.3793  0.1603  4.3486  0.0000   1062520  0.9500
  0.00835    322.22     322.215           0           0           0  44.6945   0.3735  0.1024  4.0845  0.0000   1073040  0.9500
  0.00794    321.74     321.738           0           0           0  44.6945   0.4053  0.2540  3.8128  0.0000   1083560  0.9500
  0.00754    321.21     321.206           0           0           0  44.6945   0.3926  0.1251  3.6806  0.0000   1094080  0.9500
  0.00716    320.65      320.65           0           0           0  44.6945   0.3925  0.2216  3.5061  0.0000   1104600  0.9500
  0.00680    320.27     320.269           0           0           0  44.6945   0.3840  0.0867  3.3395  0.0000   1115120  0.9500
  0.00646    320.12     320.121           0           0           0  44.6945   0.3764  0.1160  3.1526  0.0000   1125640  0.9500
  0.00614    319.68     319.682           0           0           0  44.6945   0.4339  0.1159  2.9522  0.0000   1136160  0.9500
  0.00583    319.24      319.24           0           0           0  44.6945   0.4230  0.1825  2.9343  0.0000   1146680  0.9500
  0.00554    319.02     319.022           0           0           0  44.6945   0.4298  0.0664  2.8844  0.0000   1157200  0.9500
  0.00526    318.73     318.729           0           0           0  44.6945   0.4058  0.0866  2.8548  0.0000   1167720  0.9500
  0.00500    318.32     318.319           0           0           0  44.6945   0.3976  0.0978  2.7572  0.0000   1178240  0.9500
  0.00475    318.17     318.168           0           0           0  44.6945   0.3928  0.0917  2.6404  0.0000   1188760  0.9500
  0.00451    317.92     317.918           0           0           0  44.6945   0.3866  0.1247  2.5157  0.0000   1199280  0.9500
  0.00429    317.48      317.48           0           0           0  44.6945   0.3885  0.1177  2.3813  0.0000   1209800  0.9500
  0.00407    317.44     317.436           0           0           0  44.6945   0.3744  0.0513  2.2587  0.0000   1220320  0.9500
  0.00387    317.35     317.349           0           0           0  44.6945   0.3680  0.0318  2.1106  0.0000   1230840  0.9500
  0.00368     317.3     317.303           0           0           0  44.6945   0.4486  0.0362  1.9585  0.0000   1241360  0.9500
  0.00349    317.21     317.206           0           0           0  44.6945   0.4465  0.0444  1.9753  0.0000   1251880  0.9500
  0.00332    317.16     317.163           0           0           0  44.6945   0.4424  0.0259  1.9881  0.0000   1262400  0.9500
  0.00315     317.1     317.097           0           0           0  44.6945   0.4430  0.0239  1.9929  0.0000   1272920  0.9500
  0.00299    317.11     317.105           0           0           0  44.6945   0.4394  0.0249  1.9988  0.0000   1283440  0.9500
  0.00284    317.06     317.059           0           0           0  44.6945   0.4368  0.0204  1.9975  0.0000   1293960  0.9500
  0.00270    317.02     317.017           0           0           0  44.6945   0.4335  0.0255  1.9911  0.0000   1304480  0.9500
  0.00257    316.96     316.962           0           0           0  44.6945   0.4346  0.0153  1.9781  0.0000   1315000  0.9500
  0.00244    316.95     316.948           0           0           0  44.6945   0.4344  0.0238  1.9674  0.0000   1325520  0.9500
  0.00232    316.92     316.921           0           0           0  44.6945   0.4444  0.0242  1.9564  0.0000   1336040  0.9500
  0.00220    316.89     316.888           0           0           0  44.6945   0.4208  0.0145  1.9650  0.0000   1346560  0.9500
  0.00209    316.88     316.875           0           0           0  44.6945   0.4376  0.0171  1.9273  0.0000   1357080  0.9500
  0.00199    316.84     316.837           0           0           0  44.6945   0.4240  0.0173  1.9228  0.0000   1367600  0.9500
  0.00189    316.83     316.829           0           0           0  44.6945   0.4331  0.0120  1.8919  0.0000   1378120  0.9500
  0.00179    316.84     316.835           0           0           0  44.6945   0.4302  0.0233  1.8788  0.0000   1388640  0.9500
  0.00170    316.82     316.821           0           0           0  44.6945   0.4277  0.0000  1.8605  0.0000   1399160  0.9500
  0.00162     316.8       316.8           0           0           0  44.6945   0.4179  0.0039  1.8375  0.0000   1409680  0.9500
  0.00154    316.78     316.776           0           0           0  44.6945   0.4261  0.0246  1.7968  0.0000   1420200  0.9500
  0.00146    316.75     316.754           0           0           0  44.6945   0.4315  0.0280  1.7719  0.0000   1430720  0.9500
  0.00139    316.67     316.673           0           0           0  44.6945   0.4139  0.0321  1.7568  0.0000   1441240  0.9500
  0.00132    316.62     316.625           0           0           0  44.6945   0.4239  0.0000  1.7109  0.0000   1451760  0.9500
  0.00125    316.58     316.583           0           0           0  44.6945   0.4218  0.0217  1.6833  0.0000   1462280  0.9500
  0.00119    316.55     316.555           0           0           0  44.6945   0.4149  0.0134  1.6526  0.0000   1472800  0.9500
  0.00113    316.56     316.558           0           0           0  44.6945   0.4144  0.0050  1.6112  0.0000   1483320  0.9500
  0.00107    316.55     316.554           0           0           0  44.6945   0.4124  0.0154  1.5700  0.0000   1493840  0.9500
  0.00102    316.55     316.555           0           0           0  44.6945   0.4094  0.0000  1.5266  0.0000   1504360  0.9500
  0.00097    316.56     316.557           0           0           0  44.6945   0.4183  0.0000  1.4799  0.0000   1514880  0.9500
  0.00092    316.55     316.553           0           0           0  44.6945   0.4147  0.0000  1.4479  0.0000   1525400  0.9500
  0.00087    316.55     316.549           0           0           0  44.6945   0.4206  0.0000  1.4113  0.0000   1535920  0.9500
  0.00083    316.55     316.547           0           0           0  44.6945   0.4193  0.0000  1.3839  0.0000   1546440  0.9500
  0.00079    316.55     316.547           0           0           0  44.6945   0.4053  0.0187  1.3553  0.0000   1556960  0.9500
  0.00075    316.55     316.549           0           0           0  44.6945   0.4125  0.0000  1.3083  0.0000   1567480  0.9500
  0.00071    316.55     316.546           0           0           0  44.6945   0.4024  0.0175  1.2723  0.0000   1578000  0.9500
  0.00068    316.55     316.546           0           0           0  44.6945   0.4152  0.0000  1.2244  0.0000   1588520  0.9500
  0.00064    316.54     316.543           0           0           0  44.6945   0.4008  0.0000  1.1940  0.0000   1599040  0.9500
  0.00000    316.54     316.536           0           0           0            0.1761  0.0261  1.1472  0.0000   1609560

