 97.42605    738.14     738.144           0           0           0  44.6945   0.9987  9.4451 26.0000  0.0000     10520  0.5000
 48.71302    736.27     736.274           0           0           0  44.6945   0.9973  8.1421 26.0000  0.0000     21040  0.5000
 24.35651    729.52     729.518           0           0           0  44.6945   0.9940  9.2172 26.0000  0.0000     31560  0.5000
 12.17826    725.69     725.692           0           0           0  44.6945   0.9885  9.7832 26.0000  0.0000     42080  0.5000
  6.08913     721.3     721.303           0           0           0  44.6945   0.9785  6.1568 26.0000  0.0000     52600  0.5000
  3.04456    710.31     710.306           0           0           0  44.6945   0.9591  9.7207 26.0000  0.0000     63120  0.9000
  2.74011    712.74     712.739           0           0           0  44.6945   0.9531  6.7126 26.0000  0.0000     73640  0.9000
  2.46610    699.69     699.687           0           0           0  44.6945   0.9415  9.2780 26.0000  0.0000     84160  0.9000
  2.21949     697.3     697.301           0           0           0  44.6945   0.9372  5.2808 26.0000  0.0000     94680  0.9000
  1.99754    693.99     693.993           0           0           0  44.6945   0.9300  6.9358 26.0000  0.0000    105200  0.9000
  1.79778     686.6     686.599           0           0           0  44.6945   0.9266  5.7419 26.0000  0.0000    115720  0.9000
  1.61801    683.31     683.309           0           0           0  44.6945   0.9183  7.9632 26.0000  0.0000    126240  0.9000
  1.45621     679.9     679.898           0           0           0  44.6945   0.9098  6.9117 26.0000  0.0000    136760  0.9000
  1.31058     682.2     682.205           0           0           0  44.6945   0.9029  7.3758 26.0000  0.0000    147280  0.9000
  1.17953    676.97     676.965           0           0           0  44.6945   0.8924  9.6438 26.0000  0.0000    157800  0.9000
  1.06157    663.96     663.963           0           0           0  44.6945   0.8759  4.9706 26.0000  0.0000    168320  0.9000
  0.95542    662.84     662.842           0           0           0  44.6945   0.8680  6.6921 26.0000  0.0000    178840  0.9000
  0.85987     652.1     652.101           0           0           0  44.6945   0.8561  7.4826 26.0000  0.0000    189360  0.9000
  0.77389    647.35     647.352           0           0           0  44.6945   0.8404  4.9676 26.0000  0.0000    199880  0.9000
  0.69650    634.34     634.338           0           0           0  44.6945   0.8305  9.9082 26.0000  0.0000    210400  0.9000
  0.62685    621.28     621.284           0           0           0  44.6945   0.8073  6.4129 26.0000  0.0000    220920  0.9000
  0.56416    610.97     610.971           0           0           0  44.6945   0.7920  6.2295 26.0000  0.0000    231440  0.9500
  0.53596    607.64     607.637           0           0           0  44.6945   0.7875  4.5272 26.0000  0.0000    241960  0.9500
  0.50916    600.37     600.371           0           0           0  44.6945   0.7732  6.2144 26.0000  0.0000    252480  0.9500
  0.48370    593.24     593.239           0           0           0  44.6945   0.7609 10.1160 26.0000  0.0000    263000  0.9500
  0.45951    582.83     582.826           0           0           0  44.6945   0.7567  4.5721 26.0000  0.0000    273520  0.9500
  0.43654    574.61     574.614           0           0           0  44.6945   0.7386  4.2913 26.0000  0.0000    284040  0.9500
  0.41471    566.79     566.792           0           0           0  44.6945   0.7263  5.9263 26.0000  0.0000    294560  0.9500
  0.39398       559     559.002           0           0           0  44.6945   0.7177  4.2185 26.0000  0.0000    305080  0.9500
  0.37428     543.5     543.498           0           0           0  44.6945   0.6993  6.4511 26.0000  0.0000    315600  0.9500
  0.35556    534.45     534.446           0           0           0  44.6945   0.7007  3.1570 26.0000  0.0000    326120  0.9500
  0.33779    522.95      522.95           0           0           0  44.6945   0.6837  6.7879 26.0000  0.0000    336640  0.9500
  0.32090    518.85     518.854           0           0           0  44.6945   0.6738  2.3191 26.0000  0.0000    347160  0.9500
  0.30485    507.72     507.725           0           0           0  44.6945   0.6756  5.9924 26.0000  0.0000    357680  0.9500
  0.28961    496.88     496.876           0           0           0  44.6945   0.6510  3.5321 26.0000  0.0000    368200  0.9500
  0.27513    487.23     487.235           0           0           0  44.6945   0.6548  3.2992 26.0000  0.0000    378720  0.9500
  0.26137    483.54     483.538           0           0           0  44.6945   0.6370  1.7894 26.0000  0.0000    389240  0.9500
  0.24830    479.46     479.458           0           0           0  44.6945   0.6433  3.8815 26.0000  0.0000    399760  0.9500
  0.23589    474.41     474.405           0           0           0  44.6945   0.6193  2.9314 26.0000  0.0000    410280  0.9500
  0.22409    473.59     473.589           0           0           0  44.6945   0.6101  1.9028 26.0000  0.0000    420800  0.9500
  0.21289    468.64     468.641           0           0           0  44.6945   0.6112  2.0066 26.0000  0.0000    431320  0.9500
  0.20224    462.31     462.313           0           0           0  44.6945   0.5955  3.3304 26.0000  0.0000    441840  0.9500
  0.19213    460.98      460.98           0           0           0  44.6945   0.5866  1.9709 26.0000  0.0000    452360  0.9500
  0.18253    457.71     457.707           0           0           0  44.6945   0.5716  1.9045 26.0000  0.0000    462880  0.9500
  0.17340    452.54     452.539           0           0           0  44.6945   0.5753  1.8816 26.0000  0.0000    473400  0.9500
  0.16473    444.94     444.942           0           0           0  44.6945   0.5605  2.3445 26.0000  0.0000    483920  0.9500
  0.15649    439.65     439.647           0           0           0  44.6945   0.5429  1.5208 26.0000  0.0000    494440  0.9500
  0.14867    437.59     437.588           0           0           0  44.6945   0.5356  1.9778 26.0000  0.0000    504960  0.9500
  0.14124    431.65     431.646           0           0           0  44.6945   0.5232  2.3497 26.0000  0.0000    515480  0.9500
  0.13417    427.73     427.728           0           0           0  44.6945   0.4991  1.8457 26.0000  0.0000    526000  0.9500
  0.12746    426.84     426.839           0           0           0  44.6945   0.4836  1.3568 26.0000  0.0000    536520  0.9500
  0.12109    422.81     422.811           0           0           0  44.6945   0.4734  1.3181 26.0000  0.0000    547040  0.9500
  0.11504    420.12     420.115           0           0           0  44.6945   0.4702  2.1894 26.0000  0.0000    557560  0.9500
  0.10929    415.42     415.416           0           0           0  44.6945   0.4567  1.3055 26.0000  0.0000    568080  0.9500
  0.10382    413.34     413.339           0           0           0  44.6945   0.4458  1.3742 26.0000  0.0000    578600  0.9500
  0.09863    411.49      411.49           0           0           0  44.6945   0.4238  2.1594 26.0000  0.0000    589120  0.9500
  0.09370    408.77     408.768           0           0           0  44.6945   0.4561  1.2970 25.5779  0.0000    599640  0.9500
  0.08901       405     404.996           0           0           0  44.6945   0.4431  0.9950 25.9893  0.0000    610160  0.9500
  0.08456    400.14      400.14           0           0           0  44.6945   0.3852  2.1225 26.0000  0.0000    620680  0.9500
  0.08033    397.42     397.416           0           0           0  44.6945   0.4344  1.2955 24.5744  0.0000    631200  0.9500
  0.07632     391.9     391.901           0           0           0  44.6945   0.4182  1.5503 24.4371  0.0000    641720  0.9500
  0.07250    391.34      391.34           0           0           0  44.6945   0.4168  1.2126 23.9033  0.0000    652240  0.9500
  0.06888    385.52     385.516           0           0           0  44.6945   0.3902  0.9502 23.3493  0.0000    662760  0.9500
  0.06543    383.68     383.683           0           0           0  44.6945   0.3989  1.0468 22.1867  0.0000    673280  0.9500
  0.06216    380.98     380.983           0           0           0  44.6945   0.3899  0.5888 21.2740  0.0000    683800  0.9500
  0.05905    379.12     379.124           0           0           0  44.6945   0.4125  0.8688 20.2087  0.0000    694320  0.9500
  0.05610    373.68     373.677           0           0           0  44.6945   0.3986  2.3513 19.6539  0.0000    704840  0.9500
  0.05330    370.18     370.178           0           0           0  44.6945   0.4035  0.6745 18.8397  0.0000    715360  0.9500
  0.05063    367.66      367.66           0           0           0  44.6945   0.3851  1.1508 18.1524  0.0000    725880  0.9500
  0.04810    365.24     365.243           0           0           0  44.6945   0.3909  0.8314 17.1554  0.0000    736400  0.9500
  0.04569    364.03     364.027           0           0           0  44.6945   0.3981  1.0198 16.3126  0.0000    746920  0.9500
  0.04341    361.84     361.837           0           0           0  44.6945   0.3971  1.2383 15.6291  0.0000    757440  0.9500
  0.04124    359.04     359.045           0           0           0  44.6945   0.4101  1.1727 14.9594  0.0000    767960  0.9500
  0.03918    356.92     356.916           0           0           0  44.6945   0.3985  0.4157 14.5117  0.0000    778480  0.9500
  0.03722    354.86     354.857           0           0           0  44.6945   0.4105  1.2344 13.9092  0.0000    789000  0.9500
  0.03536    352.13     352.127           0           0           0  44.6945   0.4000  0.9014 13.4982  0.0000    799520  0.9500
  0.03359    350.26      350.26           0           0           0  44.6945   0.4040  0.5132 12.9583  0.0000    810040  0.9500
  0.03191    349.75     349.746           0           0           0  44.6945   0.3916  0.4996 12.4917  0.0000    820560  0.9500
  0.03031    348.46     348.464           0           0           0  44.6945   0.4021  0.8086 11.8876  0.0000    831080  0.9500
  0.02880    345.81     345.814           0           0           0  44.6945   0.4022  1.0296 11.4369  0.0000    841600  0.9500
  0.02736    343.52     343.521           0           0           0  44.6945   0.3881  0.4338 11.0044  0.0000    852120  0.9500
  0.02599    342.57     342.565           0           0           0  44.6945   0.3981  0.8660 10.4335  0.0000    862640  0.9500
  0.02469    339.58     339.582           0           0           0  44.6945   0.4048  0.6796  9.9963  0.0000    873160  0.9500
  0.02346    337.72     337.723           0           0           0  44.6945   0.3976  0.4768  9.6449  0.0000    883680  0.9500
  0.02228    337.79     337.794           0           0           0  44.6945   0.3937  0.3081  9.2362  0.0000    894200  0.9500
  0.02117    337.67     337.667           0           0           0  44.6945   0.4090  0.2377  8.8088  0.0000    904720  0.9500
  0.02011    335.67      335.67           0           0           0  44.6945   0.4095  0.6514  8.5360  0.0000    915240  0.9500
  0.01911    333.97     333.973           0           0           0  44.6945   0.3911  0.1962  8.2757  0.0000    925760  0.9500
  0.01815    333.03     333.031           0           0           0  44.6945   0.3974  0.5923  7.8707  0.0000    936280  0.9500
  0.01724    332.05      332.05           0           0           0  44.6945   0.4019  0.2760  7.5357  0.0000    946800  0.9500
  0.01638    330.36     330.363           0           0           0  44.6945   0.3793  0.5415  7.2486  0.0000    957320  0.9500
  0.01556     328.9     328.897           0           0           0  44.6945   0.4015  0.3078  6.8085  0.0000    967840  0.9500
  0.01478    328.42     328.419           0           0           0  44.6945   0.3983  0.3129  6.5465  0.0000    978360  0.9500
  0.01404    327.42     327.419           0           0           0  44.6945   0.3743  0.2523  6.2734  0.0000    988880  0.9500
  0.01334    326.35     326.352           0           0           0  44.6945   0.3999  0.5376  5.8615  0.0000    999400  0.9500
  0.01268    325.49     325.493           0           0           0  44.6945   0.3982  0.3439  5.6265  0.0000   1009920  0.9500
  0.01204    324.58     324.578           0           0           0  44.6945   0.3919  0.3159  5.3912  0.0000   1020440  0.9500
  0.01144    324.05     324.054           0           0           0  44.6945   0.3799  0.1879  5.1320  0.0000   1030960  0.9500
  0.01087    323.67     323.673           0           0           0  44.6945   0.4040  0.2809  4.8238  0.0000   1041480  0.9500
  0.01032    322.59     322.589           0           0           0  44.6945   0.3955  0.3700  4.6501  0.0000   1052000  0.9500
  0.00981    322.27     322.273           0           0           0  44.6945   0.3928  0.1243  4.4433  0.0000   1062520  0.9500
  0.00932     321.7     321.704           0           0           0  44.6945   0.3781  0.1096  4.2335  0.0000   1073040  0.9500
  0.00885    321.41     321.412           0           0           0  44.6945   0.4237  0.3312  3.9716  0.0000   1083560  0.9500
  0.00841    320.61     320.611           0           0           0  44.6945   0.4066  0.1093  3.9067  0.0000   1094080  0.9500
  0.00799    320.42     320.418           0           0           0  44.6945   0.4006  0.0773  3.7761  0.0000   1104600  0.9500
  0.00759    320.18     320.179           0           0           0  44.6945   0.3828  0.1045  3.6272  0.0000   1115120  0.9500
  0.00721    319.85     319.853           0           0           0  44.6945   0.3825  0.2402  3.4197  0.0000   1125640  0.9500
  0.00685    319.45      319.45           0           0           0  44.6945   0.3755  0.1322  3.2231  0.0000   1136160  0.9500
  0.00651    319.17     319.167           0           0           0  44.6945   0.3772  0.1049  3.0151  0.0000   1146680  0.9500
  0.00618    318.74     318.743           0           0           0  44.6945   0.4234  0.2490  2.8257  0.0000   1157200  0.9500
  0.00587    318.23     318.228           0           0           0  44.6945   0.4156  0.1943  2.7788  0.0000   1167720  0.9500
  0.00558    317.45     317.454           0           0           0  44.6945   0.3830  0.1488  2.7110  0.0000   1178240  0.9500
  0.00530    317.24     317.238           0           0           0  44.6945   0.3867  0.1060  2.5564  0.0000   1188760  0.9500
  0.00503    317.04     317.041           0           0           0  44.6945   0.3715  0.1303  2.4201  0.0000   1199280  0.9500
  0.00478    316.82     316.819           0           0           0  44.6945   0.3717  0.0640  2.2543  0.0000   1209800  0.9500
  0.00454    316.71     316.707           0           0           0  44.6945   0.3657  0.0552  2.1003  0.0000   1220320  0.9500
  0.00432    316.47     316.472           0           0           0  44.6945   0.4431  0.0882  1.9442  0.0000   1230840  0.9500
  0.00410    316.14     316.145           0           0           0  44.6945   0.4361  0.0578  1.9501  0.0000   1241360  0.9500
  0.00390    316.02      316.02           0           0           0  44.6945   0.4322  0.0449  1.9426  0.0000   1251880  0.9500
  0.00370    315.94     315.941           0           0           0  44.6945   0.4262  0.0317  1.9275  0.0000   1262400  0.9500
  0.00352    315.82     315.818           0           0           0  44.6945   0.4213  0.0363  1.9009  0.0000   1272920  0.9500
  0.00334     315.7     315.701           0           0           0  44.6945   0.4195  0.0542  1.8654  0.0000   1283440  0.9500
  0.00317    315.62     315.623           0           0           0  44.6945   0.4064  0.0357  1.8271  0.0000   1293960  0.9500
  0.00301    315.53     315.534           0           0           0  44.6945   0.4059  0.0192  1.7657  0.0000   1304480  0.9500
  0.00286    315.59     315.587           0           0           0  44.6945   0.4077  0.0395  1.7054  0.0000   1315000  0.9500
  0.00272    315.57     315.572           0           0           0  44.6945   0.4048  0.0397  1.6504  0.0000   1325520  0.9500
  0.00258    315.48     315.482           0           0           0  44.6945   0.3968  0.0332  1.5923  0.0000   1336040  0.9500
  0.00246    315.42     315.417           0           0           0  44.6945   0.3939  0.0189  1.5235  0.0000   1346560  0.9500
  0.00233     315.4     315.403           0           0           0  44.6945   0.4031  0.0112  1.4533  0.0000   1357080  0.9500
  0.00222    315.37     315.372           0           0           0  44.6945   0.3969  0.0214  1.3997  0.0000   1367600  0.9500
  0.00211    315.35     315.353           0           0           0  44.6945   0.3911  0.0182  1.3393  0.0000   1378120  0.9500
  0.00200    315.33     315.332           0           0           0  44.6945   0.3866  0.0198  1.2738  0.0000   1388640  0.9500
  0.00190    315.34     315.336           0           0           0  44.6945   0.3898  0.0230  1.2058  0.0000   1399160  0.9500
  0.00180    315.33     315.335           0           0           0  44.6945   0.3937  0.0065  1.1453  0.0000   1409680  0.9500
  0.00171    315.32     315.319           0           0           0  44.6945   0.3936  0.0133  1.0923  0.0000   1420200  0.9500
  0.00163     315.3       315.3           0           0           0  44.6945   0.3817  0.0233  1.0416  0.0000   1430720  0.9500
  0.00155    315.29     315.286           0           0           0  44.6945   0.3890  0.0134  1.0000  0.0000   1441240  0.9500
  0.00147    315.21     315.213           0           0           0  44.6945   0.3856  0.0603  1.0000  0.0000   1451760  0.9500
  0.00140    315.13     315.132           0           0           0  44.6945   0.3895  0.0111  1.0000  0.0000   1462280  0.9500
  0.00133    315.13     315.132           0           0           0  44.6945   0.3903  0.0000  1.0000  0.0000   1472800  0.9500
  0.00126    315.12     315.123           0           0           0  44.6945   0.3889  0.0000  1.0000  0.0000   1483320  0.9500
  0.00120    315.12     315.118           0           0           0  44.6945   0.3922  0.0169  1.0000  0.0000   1493840  0.9500
  0.00114    315.11     315.107           0           0           0  44.6945   0.3812  0.0117  1.0000  0.0000   1504360  0.9500
  0.00108    315.08     315.077           0           0           0  44.6945   0.3856  0.0380  1.0000  0.0000   1514880  0.9500
  0.00103    315.03     315.026           0           0           0  44.6945   0.3782  0.0000  1.0000  0.0000   1525400  0.9500
  0.00098    315.03     315.028           0           0           0  44.6945   0.3871  0.0000  1.0000  0.0000   1535920  0.9500
  0.00093    315.03     315.027           0           0           0  44.6945   0.3783  0.0000  1.0000  0.0000   1546440  0.9500
  0.00088    315.02     315.015           0           0           0  44.6945   0.3726  0.0158  1.0000  0.0000   1556960  0.9500
  0.00084    315.01     315.014           0           0           0  44.6945   0.3671  0.0106  1.0000  0.0000   1567480  0.9500
  0.00079    315.01     315.011           0           0           0  44.6945   0.3715  0.0000  1.0000  0.0000   1578000  0.9500
  0.00075    314.97      314.97           0           0           0  44.6945   0.3774  0.0268  1.0000  0.0000   1588520  0.9500
  0.00072    314.95     314.948           0           0           0  44.6945   0.3686  0.0150  1.0000  0.0000   1599040  0.9500
  0.00068    314.94      314.94           0           0           0  44.6945   0.3722  0.0000  1.0000  0.0000   1609560  0.9500
  0.00065    314.92     314.916           0           0           0  44.6945   0.3704  0.0000  1.0000  0.0000   1620080  0.9500
  0.00000     314.9     314.903           0           0           0            0.1889  0.0479  1.0000  0.0000   1630600

