 98.16563    736.82     736.815           0           0           0  44.6945   0.9988  9.7492 26.0000  0.0000     10520  0.5000
 49.08282    735.21     735.208           0           0           0  44.6945   0.9970  6.0162 26.0000  0.0000     21040  0.5000
 24.54141       729     729.002           0           0           0  44.6945   0.9947 10.7729 26.0000  0.0000     31560  0.5000
 12.27070    726.78     726.784           0           0           0  44.6945   0.9896  5.7713 26.0000  0.0000     42080  0.5000
  6.13535    729.35     729.347           0           0           0  44.6945   0.9780  7.4268 26.0000  0.0000     52600  0.5000
  3.06768     707.4     707.396           0           0           0  44.6945   0.9569  8.3083 26.0000  0.0000     63120  0.9000
  2.76091    704.93     704.926           0           0           0  44.6945   0.9568  6.8373 26.0000  0.0000     73640  0.9000
  2.48482    705.72     705.715           0           0           0  44.6945   0.9473  6.7160 26.0000  0.0000     84160  0.9000
  2.23634    699.21     699.206           0           0           0  44.6945   0.9424  7.2480 26.0000  0.0000     94680  0.9000
  2.01270    695.26     695.261           0           0           0  44.6945   0.9368  9.4995 26.0000  0.0000    105200  0.9000
  1.81143       696     696.002           0           0           0  44.6945   0.9290  7.6935 26.0000  0.0000    115720  0.9000
  1.63029    689.48     689.482           0           0           0  44.6945   0.9201  7.5878 26.0000  0.0000    126240  0.9000
  1.46726    683.48      683.48           0           0           0  44.6945   0.9066  4.5759 26.0000  0.0000    136760  0.9000
  1.32053    677.03     677.026           0           0           0  44.6945   0.9047  7.2365 26.0000  0.0000    147280  0.9000
  1.18848    671.99     671.994           0           0           0  44.6945   0.8835  7.5935 26.0000  0.0000    157800  0.9000
  1.06963    666.21     666.211           0           0           0  44.6945   0.8852  6.8510 26.0000  0.0000    168320  0.9000
  0.96267    651.08     651.079           0           0           0  44.6945   0.8636  6.4971 26.0000  0.0000    178840  0.9000
  0.86640    649.07      649.07           0           0           0  44.6945   0.8505  9.6178 26.0000  0.0000    189360  0.9000
  0.77976    632.43      632.43           0           0           0  44.6945   0.8342  3.7847 26.0000  0.0000    199880  0.9000
  0.70179    627.61     627.605           0           0           0  44.6945   0.8142  5.1956 26.0000  0.0000    210400  0.9000
  0.63161    622.27     622.265           0           0           0  44.6945   0.8061  5.1883 26.0000  0.0000    220920  0.9000
  0.56845    608.32     608.316           0           0           0  44.6945   0.7884  6.4512 26.0000  0.0000    231440  0.9500
  0.54002    611.48     611.479           0           0           0  44.6945   0.7784  4.7806 26.0000  0.0000    241960  0.9500
  0.51302     592.9     592.895           0           0           0  44.6945   0.7698  6.5090 26.0000  0.0000    252480  0.9500
  0.48737    585.44     585.437           0           0           0  44.6945   0.7633  5.2236 26.0000  0.0000    263000  0.9500
  0.46300    574.49     574.491           0           0           0  44.6945   0.7490  6.1623 26.0000  0.0000    273520  0.9500
  0.43985    561.57     561.573           0           0           0  44.6945   0.7321  4.0287 26.0000  0.0000    284040  0.9500
  0.41786    563.94     563.937           0           0           0  44.6945   0.7265  4.0053 26.0000  0.0000    294560  0.9500
  0.39697    554.65     554.647           0           0           0  44.6945   0.7163  4.1190 26.0000  0.0000    305080  0.9500
  0.37712    536.38     536.376           0           0           0  44.6945   0.6995  5.9751 26.0000  0.0000    315600  0.9500
  0.35826    529.16      529.16           0           0           0  44.6945   0.7054  2.7673 26.0000  0.0000    326120  0.9500
  0.34035    516.56     516.561           0           0           0  44.6945   0.6827  4.9978 26.0000  0.0000    336640  0.9500
  0.32333    509.41     509.411           0           0           0  44.6945   0.6689  2.7692 26.0000  0.0000    347160  0.9500
  0.30717    503.82     503.819           0           0           0  44.6945   0.6558  3.5313 26.0000  0.0000    357680  0.9500
  0.29181    497.58     497.577           0           0           0  44.6945   0.6681  3.2345 26.0000  0.0000    368200  0.9500
  0.27722    498.57     498.567           0           0           0  44.6945   0.6587  3.1983 26.0000  0.0000    378720  0.9500
  0.26336    492.86     492.861           0           0           0  44.6945   0.6600  3.0526 26.0000  0.0000    389240  0.9500
  0.25019     478.2     478.202           0           0           0  44.6945   0.6328  5.8003 26.0000  0.0000    399760  0.9500
  0.23768    471.78     471.779           0           0           0  44.6945   0.6246  2.1166 26.0000  0.0000    410280  0.9500
  0.22580    475.56     475.564           0           0           0  44.6945   0.6183  2.2864 26.0000  0.0000    420800  0.9500
  0.21451    471.13     471.128           0           0           0  44.6945   0.6147  2.2964 26.0000  0.0000    431320  0.9500
  0.20378    460.78     460.777           0           0           0  44.6945   0.5991  2.8231 26.0000  0.0000    441840  0.9500
  0.19359    456.99     456.987           0           0           0  44.6945   0.5752  1.6461 26.0000  0.0000    452360  0.9500
  0.18391     449.6     449.596           0           0           0  44.6945   0.5658  2.1763 26.0000  0.0000    462880  0.9500
  0.17472     447.3       447.3           0           0           0  44.6945   0.5531  1.5304 26.0000  0.0000    473400  0.9500
  0.16598    443.02     443.024           0           0           0  44.6945   0.5529  1.4170 26.0000  0.0000    483920  0.9500
  0.15768    439.73     439.727           0           0           0  44.6945   0.5418  1.2728 26.0000  0.0000    494440  0.9500
  0.14980    437.48     437.479           0           0           0  44.6945   0.5434  1.9601 26.0000  0.0000    504960  0.9500
  0.14231    433.37     433.374           0           0           0  44.6945   0.5317  2.3449 26.0000  0.0000    515480  0.9500
  0.13519    431.05     431.047           0           0           0  44.6945   0.5292  3.0304 26.0000  0.0000    526000  0.9500
  0.12843    425.56     425.562           0           0           0  44.6945   0.5045  1.5715 26.0000  0.0000    536520  0.9500
  0.12201    423.55     423.548           0           0           0  44.6945   0.5037  1.3699 26.0000  0.0000    547040  0.9500
  0.11591    421.34     421.339           0           0           0  44.6945   0.4782  2.0875 26.0000  0.0000    557560  0.9500
  0.11011    417.23     417.225           0           0           0  44.6945   0.4609  1.0449 26.0000  0.0000    568080  0.9500
  0.10461    415.09      415.09           0           0           0  44.6945   0.4583  1.0202 26.0000  0.0000    578600  0.9500
  0.09938    410.96     410.957           0           0           0  44.6945   0.4397  1.7204 26.0000  0.0000    589120  0.9500
  0.09441    409.76     409.762           0           0           0  44.6945   0.4689  1.0870 25.9931  0.0000    599640  0.9500
  0.08969    406.44     406.442           0           0           0  44.6945   0.4131  0.9025 26.0000  0.0000    610160  0.9500
  0.08520    401.93     401.926           0           0           0  44.6945   0.4365  2.1696 25.3011  0.0000    620680  0.9500
  0.08094    398.16     398.163           0           0           0  44.6945   0.4168  1.7882 25.2126  0.0000    631200  0.9500
  0.07690    397.71     397.712           0           0           0  44.6945   0.4222  1.3789 24.6283  0.0000    641720  0.9500
  0.07305    396.78     396.779           0           0           0  44.6945   0.4095  1.2932 24.1909  0.0000    652240  0.9500
  0.06940    393.04      393.04           0           0           0  44.6945   0.4029  2.1112 23.4533  0.0000    662760  0.9500
  0.06593    390.67     390.673           0           0           0  44.6945   0.4065  1.1439 22.5842  0.0000    673280  0.9500
  0.06263    388.26      388.26           0           0           0  44.6945   0.4035  1.4190 21.8269  0.0000    683800  0.9500
  0.05950    385.59     385.586           0           0           0  44.6945   0.3933  0.5861 21.0305  0.0000    694320  0.9500
  0.05653    382.66      382.66           0           0           0  44.6945   0.4067  1.3976 20.0494  0.0000    704840  0.9500
  0.05370    377.89     377.886           0           0           0  44.6945   0.3989  1.2004 19.3827  0.0000    715360  0.9500
  0.05102    376.11     376.106           0           0           0  44.6945   0.4081  0.9269 18.5853  0.0000    725880  0.9500
  0.04846    374.81     374.808           0           0           0  44.6945   0.4211  1.5345 17.9921  0.0000    736400  0.9500
  0.04604    371.58     371.583           0           0           0  44.6945   0.3954  0.5766 17.6521  0.0000    746920  0.9500
  0.04374    371.46     371.456           0           0           0  44.6945   0.4189  0.4405 16.8654  0.0000    757440  0.9500
  0.04155    369.05     369.053           0           0           0  44.6945   0.3959  1.3147 16.5098  0.0000    767960  0.9500
  0.03947    365.33     365.325           0           0           0  44.6945   0.4084  1.1687 15.7820  0.0000    778480  0.9500
  0.03750    362.18     362.179           0           0           0  44.6945   0.3855  1.4613 15.2827  0.0000    789000  0.9500
  0.03563    358.81     358.811           0           0           0  44.6945   0.3971  0.7700 14.4491  0.0000    799520  0.9500
  0.03384    357.96     357.956           0           0           0  44.6945   0.3908  0.7507 13.8286  0.0000    810040  0.9500
  0.03215    354.62      354.62           0           0           0  44.6945   0.3827  0.8831 13.1479  0.0000    820560  0.9500
  0.03054    353.81      353.81           0           0           0  44.6945   0.3958  0.3884 12.3946  0.0000    831080  0.9500
  0.02902    352.29      352.29           0           0           0  44.6945   0.4152  0.4954 11.8469  0.0000    841600  0.9500
  0.02757    350.48     350.484           0           0           0  44.6945   0.3860  0.5039 11.5532  0.0000    852120  0.9500
  0.02619     349.4     349.396           0           0           0  44.6945   0.4054  0.7329 10.9297  0.0000    862640  0.9500
  0.02488    347.91     347.907           0           0           0  44.6945   0.3804  0.3221 10.5517  0.0000    873160  0.9500
  0.02363    346.56     346.561           0           0           0  44.6945   0.3898  0.4939  9.9230  0.0000    883680  0.9500
  0.02245    345.52     345.519           0           0           0  44.6945   0.3854  0.2913  9.4252  0.0000    894200  0.9500
  0.02133    344.76     344.763           0           0           0  44.6945   0.4078  0.4656  8.9102  0.0000    904720  0.9500
  0.02026    343.19      343.19           0           0           0  44.6945   0.3986  0.5083  8.6232  0.0000    915240  0.9500
  0.01925     341.4     341.402           0           0           0  44.6945   0.3796  0.4332  8.2660  0.0000    925760  0.9500
  0.01829    339.51     339.513           0           0           0  44.6945   0.3967  0.3119  7.7664  0.0000    936280  0.9500
  0.01737    338.57     338.569           0           0           0  44.6945   0.3950  0.3768  7.4299  0.0000    946800  0.9500
  0.01651    337.25     337.247           0           0           0  44.6945   0.3782  0.4586  7.0953  0.0000    957320  0.9500
  0.01568    335.76     335.755           0           0           0  44.6945   0.3947  0.2537  6.6570  0.0000    967840  0.9500
  0.01490    334.63     334.635           0           0           0  44.6945   0.3692  0.3591  6.3553  0.0000    978360  0.9500
  0.01415    334.13     334.126           0           0           0  44.6945   0.4040  0.1279  5.9054  0.0000    988880  0.9500
  0.01344    333.04     333.044           0           0           0  44.6945   0.3946  0.5934  5.6927  0.0000    999400  0.9500
  0.01277    331.61     331.605           0           0           0  44.6945   0.3897  0.2485  5.4342  0.0000   1009920  0.9500
  0.01213    330.98     330.985           0           0           0  44.6945   0.3814  0.2288  5.1610  0.0000   1020440  0.9500
  0.01153    330.14     330.138           0           0           0  44.6945   0.4132  0.3470  4.8584  0.0000   1030960  0.9500
  0.01095    329.51     329.508           0           0           0  44.6945   0.4071  0.1294  4.7283  0.0000   1041480  0.9500
  0.01040    328.88     328.884           0           0           0  44.6945   0.3976  0.2083  4.5729  0.0000   1052000  0.9500
  0.00988     328.2     328.199           0           0           0  44.6945   0.3732  0.1116  4.3791  0.0000   1062520  0.9500
  0.00939    327.64     327.639           0           0           0  44.6945   0.3743  0.2234  4.0865  0.0000   1073040  0.9500
  0.00892    326.81     326.815           0           0           0  44.6945   0.4068  0.1075  3.8182  0.0000   1083560  0.9500
  0.00847    326.49     326.489           0           0           0  44.6945   0.3870  0.0860  3.6916  0.0000   1094080  0.9500
  0.00805    326.01     326.012           0           0           0  44.6945   0.3937  0.1518  3.4959  0.0000   1104600  0.9500
  0.00765    325.55     325.549           0           0           0  44.6945   0.3834  0.1490  3.3341  0.0000   1115120  0.9500
  0.00726    325.23     325.233           0           0           0  44.6945   0.3818  0.1556  3.1453  0.0000   1125640  0.9500
  0.00690    325.06     325.059           0           0           0  44.6945   0.4322  0.0689  2.9623  0.0000   1136160  0.9500
  0.00656    324.49     324.485           0           0           0  44.6945   0.4159  0.2840  2.9393  0.0000   1146680  0.9500
  0.00623     323.9     323.899           0           0           0  44.6945   0.4051  0.1292  2.8684  0.0000   1157200  0.9500
  0.00592    323.74     323.737           0           0           0  44.6945   0.4041  0.0891  2.7684  0.0000   1167720  0.9500
  0.00562    323.58     323.584           0           0           0  44.6945   0.3948  0.0756  2.6690  0.0000   1178240  0.9500
  0.00534    323.47     323.475           0           0           0  44.6945   0.3978  0.1053  2.5483  0.0000   1188760  0.9500
  0.00507    323.28     323.282           0           0           0  44.6945   0.3873  0.0741  2.4408  0.0000   1199280  0.9500
  0.00482    323.13     323.132           0           0           0  44.6945   0.3830  0.0612  2.3120  0.0000   1209800  0.9500
  0.00458    322.97     322.973           0           0           0  44.6945   0.3746  0.0626  2.1802  0.0000   1220320  0.9500
  0.00435    322.89     322.886           0           0           0  44.6945   0.3569  0.0687  2.0377  0.0000   1230840  0.9500
  0.00413    322.78     322.776           0           0           0  44.6945   0.4471  0.0643  1.8684  0.0000   1241360  0.9500
  0.00393    322.66      322.66           0           0           0  44.6945   0.4450  0.0584  1.8818  0.0000   1251880  0.9500
  0.00373    322.65     322.645           0           0           0  44.6945   0.4318  0.0466  1.8911  0.0000   1262400  0.9500
  0.00354    322.52     322.524           0           0           0  44.6945   0.4316  0.0394  1.8757  0.0000   1272920  0.9500
  0.00337    322.41     322.415           0           0           0  44.6945   0.4249  0.0314  1.8599  0.0000   1283440  0.9500
  0.00320    322.38     322.385           0           0           0  44.6945   0.4250  0.0166  1.8318  0.0000   1293960  0.9500
  0.00304     322.4       322.4           0           0           0  44.6945   0.4217  0.0303  1.8043  0.0000   1304480  0.9500
  0.00289    322.34     322.342           0           0           0  44.6945   0.4221  0.0326  1.7712  0.0000   1315000  0.9500
  0.00274    322.32     322.316           0           0           0  44.6945   0.4268  0.0366  1.7395  0.0000   1325520  0.9500
  0.00260    322.27      322.27           0           0           0  44.6945   0.4117  0.0246  1.7165  0.0000   1336040  0.9500
  0.00247    322.27     322.269           0           0           0  44.6945   0.4087  0.0108  1.6679  0.0000   1346560  0.9500
  0.00235    322.26     322.258           0           0           0  44.6945   0.4155  0.0125  1.6156  0.0000   1357080  0.9500
  0.00223    322.22     322.217           0           0           0  44.6945   0.4130  0.0095  1.5760  0.0000   1367600  0.9500
  0.00212    322.22     322.223           0           0           0  44.6945   0.4039  0.0147  1.5335  0.0000   1378120  0.9500
  0.00202     322.2       322.2           0           0           0  44.6945   0.4122  0.0220  1.4781  0.0000   1388640  0.9500
  0.00191     322.2     322.201           0           0           0  44.6945   0.4159  0.0215  1.4370  0.0000   1399160  0.9500
  0.00182    322.17     322.173           0           0           0  44.6945   0.4087  0.0296  1.4023  0.0000   1409680  0.9500
  0.00173    322.14     322.135           0           0           0  44.6945   0.4010  0.0000  1.3584  0.0000   1420200  0.9500
  0.00164    322.14     322.139           0           0           0  44.6945   0.4000  0.0023  1.3053  0.0000   1430720  0.9500
  0.00156    322.11     322.113           0           0           0  44.6945   0.3911  0.0000  1.2531  0.0000   1441240  0.9500
  0.00148    322.12     322.122           0           0           0  44.6945   0.3890  0.0022  1.1918  0.0000   1451760  0.9500
  0.00141    322.11     322.112           0           0           0  44.6945   0.4011  0.0000  1.1310  0.0000   1462280  0.9500
  0.00134    322.11     322.111           0           0           0  44.6945   0.3984  0.0000  1.0870  0.0000   1472800  0.9500
  0.00127     322.1     322.102           0           0           0  44.6945   0.3927  0.0000  1.0418  0.0000   1483320  0.9500
  0.00121     322.1     322.104           0           0           0  44.6945   0.3875  0.0000  1.0000  0.0000   1493840  0.9500
  0.00115    322.09     322.094           0           0           0  44.6945   0.4020  0.0127  1.0000  0.0000   1504360  0.9500
  0.00109     322.1     322.099           0           0           0  44.6945   0.3981  0.0243  1.0000  0.0000   1514880  0.9500
  0.00103    322.09     322.093           0           0           0  44.6945   0.3920  0.0179  1.0000  0.0000   1525400  0.9500
  0.00098    322.09     322.094           0           0           0  44.6945   0.3981  0.0108  1.0000  0.0000   1535920  0.9500
  0.00093    322.09     322.094           0           0           0  44.6945   0.3946  0.0000  1.0000  0.0000   1546440  0.9500
  0.00089     322.1     322.096           0           0           0  44.6945   0.3918  0.0000  1.0000  0.0000   1556960  0.9500
  0.00084    322.09     322.092           0           0           0  44.6945   0.3910  0.0117  1.0000  0.0000   1567480  0.9500
  0.00080     322.1     322.098           0           0           0  44.6945   0.3903  0.0182  1.0000  0.0000   1578000  0.9500
  0.00076    322.09     322.092           0           0           0  44.6945   0.3888  0.0154  1.0000  0.0000   1588520  0.9500
  0.00072    322.09      322.09           0           0           0  44.6945   0.3913  0.0400  1.0000  0.0000   1599040  0.9500
  0.00069    322.07     322.073           0           0           0  44.6945   0.3875  0.0000  1.0000  0.0000   1609560  0.9500
  0.00065    322.08     322.077           0           0           0  44.6945   0.3855  0.0102  1.0000  0.0000   1620080  0.9500
  0.00000    322.07     322.065           0           0           0            0.1689  0.0371  1.0000  0.0000   1630600

