114.98734     732.7     732.703           0           0           0  44.6945   0.9986  9.5105 26.0000  0.0000     10520  0.5000
 57.49367    735.06     735.056           0           0           0  44.6945   0.9974  9.6337 26.0000  0.0000     21040  0.5000
 28.74683    730.84     730.843           0           0           0  44.6945   0.9961  7.4831 26.0000  0.0000     31560  0.5000
 14.37342    729.62     729.616           0           0           0  44.6945   0.9906  7.5417 26.0000  0.0000     42080  0.5000
  7.18671    724.32     724.318           0           0           0  44.6945   0.9822  9.6289 26.0000  0.0000     52600  0.5000
  3.59335     711.7     711.702           0           0           0  44.6945   0.9613  5.3578 26.0000  0.0000     63120  0.5000
  1.79668    691.25     691.246           0           0           0  44.6945   0.9265  8.0582 26.0000  0.0000     73640  0.9000
  1.61701    681.83     681.827           0           0           0  44.6945   0.9175  5.9759 26.0000  0.0000     84160  0.9000
  1.45531    685.63     685.627           0           0           0  44.6945   0.9066  8.7992 26.0000  0.0000     94680  0.9000
  1.30978    678.36     678.361           0           0           0  44.6945   0.9036  8.3868 26.0000  0.0000    105200  0.9000
  1.17880    671.43     671.427           0           0           0  44.6945   0.8926  6.7256 26.0000  0.0000    115720  0.9000
  1.06092    661.98     661.983           0           0           0  44.6945   0.8798  8.0207 26.0000  0.0000    126240  0.9000
  0.95483       660         660           0           0           0  44.6945   0.8652  5.4981 26.0000  0.0000    136760  0.9000
  0.85935    652.67     652.671           0           0           0  44.6945   0.8581  8.4524 26.0000  0.0000    147280  0.9000
  0.77341    649.66     649.661           0           0           0  44.6945   0.8425  4.5211 26.0000  0.0000    157800  0.9000
  0.69607    630.64     630.637           0           0           0  44.6945   0.8221  8.0098 26.0000  0.0000    168320  0.9000
  0.62646    615.08     615.077           0           0           0  44.6945   0.8004  6.3825 26.0000  0.0000    178840  0.9000
  0.56382    601.94      601.94           0           0           0  44.6945   0.7838  6.9246 26.0000  0.0000    189360  0.9500
  0.53563    604.24     604.243           0           0           0  44.6945   0.7849  4.1272 26.0000  0.0000    199880  0.9500
  0.50884     591.2     591.197           0           0           0  44.6945   0.7700  5.1943 26.0000  0.0000    210400  0.9500
  0.48340    590.06     590.055           0           0           0  44.6945   0.7640  8.3143 26.0000  0.0000    220920  0.9500
  0.45923     585.2     585.199           0           0           0  44.6945   0.7476  4.1542 26.0000  0.0000    231440  0.9500
  0.43627    574.99     574.994           0           0           0  44.6945   0.7398  8.1686 26.0000  0.0000    241960  0.9500
  0.41446    562.48      562.48           0           0           0  44.6945   0.7243  2.3594 26.0000  0.0000    252480  0.9500
  0.39373    554.34      554.34           0           0           0  44.6945   0.7102  3.9040 26.0000  0.0000    263000  0.9500
  0.37405    539.29      539.29           0           0           0  44.6945   0.6988  5.7770 26.0000  0.0000    273520  0.9500
  0.35534    532.34     532.337           0           0           0  44.6945   0.6916  3.2721 26.0000  0.0000    284040  0.9500
  0.33758    531.25     531.251           0           0           0  44.6945   0.6925  4.5831 26.0000  0.0000    294560  0.9500
  0.32070    525.94     525.937           0           0           0  44.6945   0.6887  3.6033 26.0000  0.0000    305080  0.9500
  0.30466    517.01     517.008           0           0           0  44.6945   0.6822  2.0291 26.0000  0.0000    315600  0.9500
  0.28943    514.68     514.677           0           0           0  44.6945   0.6731  2.4906 26.0000  0.0000    326120  0.9500
  0.27496    508.07     508.075           0           0           0  44.6945   0.6570  2.2189 26.0000  0.0000    336640  0.9500
  0.26121    495.26     495.263           0           0           0  44.6945   0.6416  4.8816 26.0000  0.0000    347160  0.9500
  0.24815    485.37     485.375           0           0           0  44.6945   0.6333  3.1169 26.0000  0.0000    357680  0.9500
  0.23574    476.88     476.876           0           0           0  44.6945   0.6206  2.3332 26.0000  0.0000    368200  0.9500
  0.22396    473.62     473.618           0           0           0  44.6945   0.6270  3.8034 26.0000  0.0000    378720  0.9500
  0.21276    462.51     462.515           0           0           0  44.6945   0.6089  2.5365 26.0000  0.0000    389240  0.9500
  0.20212    460.57     460.572           0           0           0  44.6945   0.6029  1.9503 26.0000  0.0000    399760  0.9500
  0.19201    460.15     460.154           0           0           0  44.6945   0.6006  1.7338 26.0000  0.0000    410280  0.9500
  0.18241    456.92     456.919           0           0           0  44.6945   0.5785  1.5458 26.0000  0.0000    420800  0.9500
  0.17329    453.08     453.077           0           0           0  44.6945   0.5692  1.9077 26.0000  0.0000    431320  0.9500
  0.16463    448.35     448.347           0           0           0  44.6945   0.5644  2.6604 26.0000  0.0000    441840  0.9500
  0.15640    446.78     446.776           0           0           0  44.6945   0.5488  2.2528 26.0000  0.0000    452360  0.9500
  0.14858    441.63     441.627           0           0           0  44.6945   0.5349  2.7129 26.0000  0.0000    462880  0.9500
  0.14115    438.46     438.462           0           0           0  44.6945   0.5270  2.4949 26.0000  0.0000    473400  0.9500
  0.13409    431.13     431.126           0           0           0  44.6945   0.4904  1.8132 26.0000  0.0000    483920  0.9500
  0.12739    427.33     427.331           0           0           0  44.6945   0.4894  1.6799 26.0000  0.0000    494440  0.9500
  0.12102    421.71     421.715           0           0           0  44.6945   0.4787  1.5304 26.0000  0.0000    504960  0.9500
  0.11497    421.89     421.893           0           0           0  44.6945   0.4630  0.9424 26.0000  0.0000    515480  0.9500
  0.10922    419.48     419.481           0           0           0  44.6945   0.4448  1.2702 26.0000  0.0000    526000  0.9500
  0.10376    415.68     415.681           0           0           0  44.6945   0.4381  2.1467 26.0000  0.0000    536520  0.9500
  0.09857     410.9     410.901           0           0           0  44.6945   0.4609  1.1130 25.9511  0.0000    547040  0.9500
  0.09364    406.84     406.843           0           0           0  44.6945   0.4148  2.0877 26.0000  0.0000    557560  0.9500
  0.08896    401.25     401.251           0           0           0  44.6945   0.4302  1.5288 25.3456  0.0000    568080  0.9500
  0.08451    399.51     399.505           0           0           0  44.6945   0.4240  1.1273 25.0979  0.0000    578600  0.9500
  0.08029    399.35     399.352           0           0           0  44.6945   0.4362  0.8246 24.6952  0.0000    589120  0.9500
  0.07627    392.63     392.633           0           0           0  44.6945   0.4029  2.6069 24.6017  0.0000    599640  0.9500
  0.07246    390.17     390.166           0           0           0  44.6945   0.4064  0.9170 23.6902  0.0000    610160  0.9500
  0.06883     387.5     387.498           0           0           0  44.6945   0.4097  1.0696 22.8934  0.0000    620680  0.9500
  0.06539    383.63     383.634           0           0           0  44.6945   0.4009  0.7174 22.1997  0.0000    631200  0.9500
  0.06212    380.25     380.247           0           0           0  44.6945   0.3933  1.3651 21.3307  0.0000    641720  0.9500
  0.05902    376.55     376.546           0           0           0  44.6945   0.3915  0.8970 20.3335  0.0000    652240  0.9500
  0.05607    373.33     373.325           0           0           0  44.6945   0.4084  1.0727 19.3481  0.0000    662760  0.9500
  0.05326    371.85     371.851           0           0           0  44.6945   0.3917  1.9609 18.7360  0.0000    673280  0.9500
  0.05060    369.12     369.117           0           0           0  44.6945   0.4015  0.8376 17.8317  0.0000    683800  0.9500
  0.04807    366.08     366.081           0           0           0  44.6945   0.3890  1.8523 17.1455  0.0000    694320  0.9500
  0.04567    361.37     361.371           0           0           0  44.6945   0.3859  1.5224 16.2706  0.0000    704840  0.9500
  0.04338    361.12     361.123           0           0           0  44.6945   0.3988  0.8947 15.3909  0.0000    715360  0.9500
  0.04121    359.86     359.865           0           0           0  44.6945   0.4156  0.4043 14.7562  0.0000    725880  0.9500
  0.03915    357.61     357.614           0           0           0  44.6945   0.3994  1.6009 14.3960  0.0000    736400  0.9500
  0.03720     354.6     354.605           0           0           0  44.6945   0.4003  1.2697 13.8120  0.0000    746920  0.9500
  0.03534    351.99     351.986           0           0           0  44.6945   0.3933  0.3475 13.2634  0.0000    757440  0.9500
  0.03357    351.52     351.516           0           0           0  44.6945   0.4147  0.6003 12.6447  0.0000    767960  0.9500
  0.03189    349.89     349.893           0           0           0  44.6945   0.3987  0.4356 12.3252  0.0000    778480  0.9500
  0.03030    348.67     348.666           0           0           0  44.6945   0.4089  0.3372 11.8158  0.0000    789000  0.9500
  0.02878    348.55     348.546           0           0           0  44.6945   0.4052  0.8502 11.4487  0.0000    799520  0.9500
  0.02734    346.27     346.272           0           0           0  44.6945   0.3893  0.3023 11.0506  0.0000    810040  0.9500
  0.02597    344.72     344.723           0           0           0  44.6945   0.4131  0.5081 10.4899  0.0000    820560  0.9500
  0.02468    343.09      343.09           0           0           0  44.6945   0.4002  0.4649 10.2079  0.0000    831080  0.9500
  0.02344    341.25     341.248           0           0           0  44.6945   0.4053  0.4358  9.8015  0.0000    841600  0.9500
  0.02227    340.18     340.185           0           0           0  44.6945   0.4060  0.3582  9.4616  0.0000    852120  0.9500
  0.02116    339.52     339.517           0           0           0  44.6945   0.3918  0.5167  9.1398  0.0000    862640  0.9500
  0.02010    339.03      339.03           0           0           0  44.6945   0.4263  0.3917  8.6995  0.0000    873160  0.9500
  0.01909    337.32     337.324           0           0           0  44.6945   0.4109  0.6646  8.5806  0.0000    883680  0.9500
  0.01814    335.71     335.708           0           0           0  44.6945   0.3907  0.5092  8.3312  0.0000    894200  0.9500
  0.01723    334.07     334.067           0           0           0  44.6945   0.4095  0.5186  7.9203  0.0000    904720  0.9500
  0.01637    332.28     332.282           0           0           0  44.6945   0.4064  0.5266  7.6788  0.0000    915240  0.9500
  0.01555    331.53     331.526           0           0           0  44.6945   0.3920  0.3112  7.4206  0.0000    925760  0.9500
  0.01477    330.75      330.75           0           0           0  44.6945   0.3831  0.1841  7.0645  0.0000    936280  0.9500
  0.01404    330.57     330.569           0           0           0  44.6945   0.3984  0.2586  6.6624  0.0000    946800  0.9500
  0.01333    329.71     329.712           0           0           0  44.6945   0.4016  0.2823  6.3851  0.0000    957320  0.9500
  0.01267    328.92     328.919           0           0           0  44.6945   0.3893  0.4998  6.1400  0.0000    967840  0.9500
  0.01203     328.4     328.397           0           0           0  44.6945   0.4127  0.2018  5.8285  0.0000    978360  0.9500
  0.01143    327.22     327.217           0           0           0  44.6945   0.3901  0.2590  5.6696  0.0000    988880  0.9500
  0.01086    326.49     326.492           0           0           0  44.6945   0.4053  0.2544  5.3867  0.0000    999400  0.9500
  0.01032    326.15     326.151           0           0           0  44.6945   0.3866  0.1863  5.1999  0.0000   1009920  0.9500
  0.00980    325.68     325.676           0           0           0  44.6945   0.4224  0.2392  4.9223  0.0000   1020440  0.9500
  0.00931    324.93     324.934           0           0           0  44.6945   0.4144  0.1603  4.8358  0.0000   1030960  0.9500
  0.00885    324.38     324.377           0           0           0  44.6945   0.4029  0.1181  4.7118  0.0000   1041480  0.9500
  0.00840    324.03      324.03           0           0           0  44.6945   0.3918  0.1483  4.5372  0.0000   1052000  0.9500
  0.00798    323.71     323.711           0           0           0  44.6945   0.3829  0.0982  4.3186  0.0000   1062520  0.9500
  0.00758    323.43     323.426           0           0           0  44.6945   0.3809  0.1423  4.0720  0.0000   1073040  0.9500
  0.00721    322.99      322.99           0           0           0  44.6945   0.4226  0.1031  3.8313  0.0000   1083560  0.9500
  0.00684    322.72     322.719           0           0           0  44.6945   0.4163  0.1674  3.7647  0.0000   1094080  0.9500
  0.00650    322.44     322.443           0           0           0  44.6945   0.4049  0.1402  3.6757  0.0000   1104600  0.9500
  0.00618    322.29      322.29           0           0           0  44.6945   0.4048  0.0958  3.5468  0.0000   1115120  0.9500
  0.00587       322     321.997           0           0           0  44.6945   0.3927  0.0583  3.4218  0.0000   1125640  0.9500
  0.00558    321.64     321.636           0           0           0  44.6945   0.3890  0.1438  3.2599  0.0000   1136160  0.9500
  0.00530    321.46     321.459           0           0           0  44.6945   0.3941  0.1476  3.0935  0.0000   1146680  0.9500
  0.00503    321.19      321.19           0           0           0  44.6945   0.4400  0.0669  2.9516  0.0000   1157200  0.9500
  0.00478    321.02     321.022           0           0           0  44.6945   0.4321  0.0686  2.9516  0.0000   1167720  0.9500
  0.00454    320.86     320.859           0           0           0  44.6945   0.4383  0.0692  2.9284  0.0000   1178240  0.9500
  0.00431     320.8     320.802           0           0           0  44.6945   0.4246  0.0299  2.9234  0.0000   1188760  0.9500
  0.00410    320.59     320.593           0           0           0  44.6945   0.4221  0.0988  2.8785  0.0000   1199280  0.9500
  0.00389    320.34     320.344           0           0           0  44.6945   0.4346  0.0294  2.8271  0.0000   1209800  0.9500
  0.00370    320.09     320.089           0           0           0  44.6945   0.4174  0.1145  2.8118  0.0000   1220320  0.9500
  0.00351     319.8     319.801           0           0           0  44.6945   0.4091  0.0941  2.7483  0.0000   1230840  0.9500
  0.00334    319.46     319.464           0           0           0  44.6945   0.3911  0.1224  2.6634  0.0000   1241360  0.9500
  0.00317     319.2     319.199           0           0           0  44.6945   0.3872  0.0771  2.5331  0.0000   1251880  0.9500
  0.00301    319.14      319.14           0           0           0  44.6945   0.3871  0.0494  2.3993  0.0000   1262400  0.9500
  0.00286    318.93     318.928           0           0           0  44.6945   0.3973  0.0796  2.2723  0.0000   1272920  0.9500
  0.00272    318.73     318.727           0           0           0  44.6945   0.3860  0.0408  2.1753  0.0000   1283440  0.9500
  0.00258    318.66     318.657           0           0           0  44.6945   0.3746  0.0334  2.0579  0.0000   1293960  0.9500
  0.00245     318.5     318.496           0           0           0  44.6945   0.4488  0.0398  1.9234  0.0000   1304480  0.9500
  0.00233    318.41     318.412           0           0           0  44.6945   0.4405  0.0263  1.9402  0.0000   1315000  0.9500
  0.00221    318.34     318.341           0           0           0  44.6945   0.4267  0.0190  1.9412  0.0000   1325520  0.9500
  0.00210     318.3     318.299           0           0           0  44.6945   0.4260  0.0172  1.9154  0.0000   1336040  0.9500
  0.00200    318.27     318.274           0           0           0  44.6945   0.4244  0.0150  1.8887  0.0000   1346560  0.9500
  0.00190    318.27     318.272           0           0           0  44.6945   0.4303  0.0102  1.8593  0.0000   1357080  0.9500
  0.00180    318.27     318.269           0           0           0  44.6945   0.4235  0.0062  1.8413  0.0000   1367600  0.9500
  0.00171    318.24     318.242           0           0           0  44.6945   0.4278  0.0121  1.8108  0.0000   1378120  0.9500
  0.00163    318.24     318.235           0           0           0  44.6945   0.4142  0.0000  1.7887  0.0000   1388640  0.9500
  0.00155    318.24     318.235           0           0           0  44.6945   0.4215  0.0249  1.7425  0.0000   1399160  0.9500
  0.00147    318.24     318.239           0           0           0  44.6945   0.4282  0.0137  1.7102  0.0000   1409680  0.9500
  0.00140    318.24     318.245           0           0           0  44.6945   0.4144  0.0148  1.6901  0.0000   1420200  0.9500
  0.00133    318.24     318.238           0           0           0  44.6945   0.4171  0.0000  1.6467  0.0000   1430720  0.9500
  0.00126    318.23     318.227           0           0           0  44.6945   0.4158  0.0000  1.6090  0.0000   1441240  0.9500
  0.00120    318.23      318.23           0           0           0  44.6945   0.4149  0.0000  1.5701  0.0000   1451760  0.9500
  0.00114    318.23      318.23           0           0           0  44.6945   0.4159  0.0000  1.5307  0.0000   1462280  0.9500
  0.00108    318.24     318.235           0           0           0  44.6945   0.4140  0.0158  1.4938  0.0000   1472800  0.9500
  0.00103    318.22     318.222           0           0           0  44.6945   0.4002  0.0000  1.4549  0.0000   1483320  0.9500
  0.00097    318.22     318.217           0           0           0  44.6945   0.4084  0.0000  1.3970  0.0000   1493840  0.9500
  0.00093    318.22     318.223           0           0           0  44.6945   0.4077  0.0054  1.3528  0.0000   1504360  0.9500
  0.00088    318.22     318.221           0           0           0  44.6945   0.4088  0.0095  1.3091  0.0000   1514880  0.9500
  0.00084    318.21     318.208           0           0           0  44.6945   0.4089  0.0000  1.2683  0.0000   1525400  0.9500
  0.00079     318.2     318.202           0           0           0  44.6945   0.4164  0.0165  1.2289  0.0000   1535920  0.9500
  0.00075     318.2     318.199           0           0           0  44.6945   0.4048  0.0218  1.1999  0.0000   1546440  0.9500
  0.00072     318.2     318.197           0           0           0  44.6945   0.4085  0.0132  1.1576  0.0000   1556960  0.9500
  0.00068    318.19     318.194           0           0           0  44.6945   0.4099  0.0000  1.1211  0.0000   1567480  0.9500
  0.00065    318.19     318.194           0           0           0  44.6945   0.4034  0.0172  1.0874  0.0000   1578000  0.9500
  0.00000    318.17     318.168           0           0           0            0.1871  0.0347  1.0476  0.0000   1588520
