  7.87661    266.47     266.469           0           0           0  35.0499   0.9957  2.7917 18.0000  0.0000      1857  0.5000
  3.93831     261.2     261.203           0           0           0  35.0499   0.9865  1.7156 18.0000  0.0000      3714  0.5000
  1.96915    258.81     258.809           0           0           0  35.0499   0.9790  1.2508 18.0000  0.0000      5571  0.5000
  0.98458    260.98     260.984           0           0           0  35.0499   0.9698  0.8263 18.0000  0.0000      7428  0.5000
  0.49229    258.55     258.546           0           0           0  35.0499   0.9391  0.8852 18.0000  0.0000      9285  0.9000
  0.44306    256.65     256.654           0           0           0  35.0499   0.9321  0.6137 18.0000  0.0000     11142  0.9000
  0.39875    252.75     252.748           0           0           0  35.0499   0.9176  1.8293 18.0000  0.0000     12999  0.9000
  0.35888    246.57     246.575           0           0           0  35.0499   0.9047  1.6680 18.0000  0.0000     14856  0.9000
  0.32299    242.14     242.137           0           0           0  35.0499   0.8928  1.1727 18.0000  0.0000     16713  0.9000
  0.29069    241.29     241.287           0           0           0  35.0499   0.8901  1.4759 18.0000  0.0000     18570  0.9000
  0.26162    238.65     238.649           0           0           0  35.0499   0.8783  0.9792 18.0000  0.0000     20427  0.9000
  0.23546    236.07     236.074           0           0           0  35.0499   0.8595  1.7807 18.0000  0.0000     22284  0.9000
  0.21191    233.48     233.485           0           0           0  35.0499   0.8368  1.0532 18.0000  0.0000     24141  0.9000
  0.19072    234.77     234.766           0           0           0  35.0499   0.8422  0.9141 18.0000  0.0000     25998  0.9000
  0.17165    231.16     231.161           0           0           0  35.0499   0.8045  2.5648 18.0000  0.0000     27855  0.9000
  0.15449    225.83     225.832           0           0           0  35.0499   0.7921  0.9838 18.0000  0.0000     29712  0.9500
  0.14676    225.25     225.252           0           0           0  35.0499   0.7501  0.6812 18.0000  0.0000     31569  0.9500
  0.13942    224.37     224.367           0           0           0  35.0499   0.7631  0.8961 18.0000  0.0000     33426  0.9500
  0.13245    223.28     223.284           0           0           0  35.0499   0.7555  0.6539 18.0000  0.0000     35283  0.9500
  0.12583    221.44     221.439           0           0           0  35.0499   0.7442  0.7837 18.0000  0.0000     37140  0.9500
  0.11954    217.72     217.721           0           0           0  35.0499   0.7464  0.6062 18.0000  0.0000     38997  0.9500
  0.11356    214.78     214.777           0           0           0  35.0499   0.7281  1.2350 18.0000  0.0000     40854  0.9500
  0.10788    211.87     211.867           0           0           0  35.0499   0.7017  0.6158 18.0000  0.0000     42711  0.9500
  0.10249    212.86     212.856           0           0           0  35.0499   0.7173  0.5059 18.0000  0.0000     44568  0.9500
  0.09736     211.6     211.603           0           0           0  35.0499   0.7044  0.5287 18.0000  0.0000     46425  0.9500
  0.09250     210.1     210.104           0           0           0  35.0499   0.7103  0.4987 18.0000  0.0000     48282  0.9500
  0.08787    208.39      208.39           0           0           0  35.0499   0.6656  0.9087 18.0000  0.0000     50139  0.9500
  0.08348    205.96      205.96           0           0           0  35.0499   0.6527  0.9057 18.0000  0.0000     51996  0.9500
  0.07930    204.64     204.639           0           0           0  35.0499   0.6354  0.3765 18.0000  0.0000     53853  0.9500
  0.07534    203.53     203.527           0           0           0  35.0499   0.6311  0.9112 18.0000  0.0000     55710  0.9500
  0.07157    201.01     201.006           0           0           0  35.0499   0.6236  1.0704 18.0000  0.0000     57567  0.9500
  0.06799    197.28     197.283           0           0           0  35.0499   0.5800  0.9452 18.0000  0.0000     59424  0.9500
  0.06459    194.57     194.575           0           0           0  35.0499   0.5891  0.3933 18.0000  0.0000     61281  0.9500
  0.06136    192.11     192.114           0           0           0  35.0499   0.5778  0.7736 18.0000  0.0000     63138  0.9500
  0.05830    191.73     191.726           0           0           0  35.0499   0.5827  0.3460 18.0000  0.0000     64995  0.9500
  0.05538    190.72     190.718           0           0           0  35.0499   0.5482  0.5876 18.0000  0.0000     66852  0.9500
  0.05261    190.07     190.068           0           0           0  35.0499   0.5401  0.4639 18.0000  0.0000     68709  0.9500
  0.04998    188.98     188.976           0           0           0  35.0499   0.5272  0.2780 18.0000  0.0000     70566  0.9500
  0.04748    188.48      188.48           0           0           0  35.0499   0.4965  0.6454 18.0000  0.0000     72423  0.9500
  0.04511     188.2     188.198           0           0           0  35.0499   0.5110  0.3035 18.0000  0.0000     74280  0.9500
  0.04285    188.03     188.033           0           0           0  35.0499   0.5035  0.2015 18.0000  0.0000     76137  0.9500
  0.04071    187.47     187.472           0           0           0  35.0499   0.4825  0.4625 18.0000  0.0000     77994  0.9500
  0.03867    187.66     187.663           0           0           0  35.0499   0.4701  0.1929 18.0000  0.0000     79851  0.9500
  0.03674    186.75     186.745           0           0           0  35.0499   0.4534  0.6442 18.0000  0.0000     81708  0.9500
  0.03490    185.68     185.675           0           0           0  35.0499   0.4545  0.2525 18.0000  0.0000     83565  0.9500
  0.03316    185.76     185.757           0           0           0  35.0499   0.4297  0.2927 18.0000  0.0000     85422  0.9500
  0.03150    184.86      184.86           0           0           0  35.0499   0.4507  0.2705 17.8151  0.0000     87279  0.9500
  0.02993    184.62     184.623           0           0           0  35.0499   0.4265  0.1886 18.0000  0.0000     89136  0.9500
  0.02843    183.86     183.856           0           0           0  35.0499   0.4184  0.2824 17.7569  0.0000     90993  0.9500
  0.02701    183.39     183.385           0           0           0  35.0499   0.3910  0.1948 17.3736  0.0000     92850  0.9500
  0.02566    182.52     182.519           0           0           0  35.0499   0.3904  0.2870 16.5215  0.0000     94707  0.9500
  0.02437    182.32      182.32           0           0           0  35.0499   0.3748  0.1382 15.7023  0.0000     96564  0.9500
  0.02316    182.13     182.134           0           0           0  35.0499   0.3570  0.2355 14.6785  0.0000     98421  0.9500
  0.02200    181.65     181.655           0           0           0  35.0499   0.3630  0.2168 13.4606  0.0000    100278  0.9500
  0.02090    181.26     181.259           0           0           0  35.0499   0.3242  0.1195 12.4234  0.0000    102135  0.9500
  0.01985    180.81     180.809           0           0           0  35.0499   0.3484  0.2349 10.9845  0.0000    103992  0.9500
  0.01886    180.87     180.874           0           0           0  35.0499   0.3204  0.1231  9.9785  0.0000    105849  0.9500
  0.01792     180.8     180.798           0           0           0  35.0499   0.3043  0.0985  8.7852  0.0000    107706  0.9500
  0.01702     180.7     180.704           0           0           0  35.0499   0.3177  0.1600  7.5926  0.0000    109563  0.9500
  0.01617    180.42     180.423           0           0           0  35.0499   0.3091  0.0695  6.6642  0.0000    111420  0.9500
  0.01536    180.14     180.143           0           0           0  35.0499   0.2752  0.1151  5.7918  0.0000    113277  0.9500
  0.01459    179.98      179.98           0           0           0  35.0499   0.2962  0.1071  4.8372  0.0000    115134  0.9500
  0.01386    179.73      179.73           0           0           0  35.0499   0.2795  0.0537  4.1415  0.0000    116991  0.9500
  0.01317    179.53     179.533           0           0           0  35.0499   0.2719  0.0679  3.4767  0.0000    118848  0.9500
  0.01251    179.57      179.57           0           0           0  35.0499   0.2590  0.0714  2.8924  0.0000    120705  0.9500
  0.01189    179.42     179.417           0           0           0  35.0499   0.2671  0.1126  2.3690  0.0000    122562  0.9500
  0.01129    179.33     179.328           0           0           0  35.0499   0.2477  0.0951  1.9594  0.0000    124419  0.9500
  0.01073    179.25     179.255           0           0           0  35.0499   0.2386  0.0532  1.5826  0.0000    126276  0.9500
  0.01019    178.96     178.955           0           0           0  35.0499   0.2364  0.0646  1.2638  0.0000    128133  0.9500
  0.00968    178.97     178.968           0           0           0  35.0499   0.2181  0.0728  1.0065  0.0000    129990  0.9500
  0.00920    178.94     178.942           0           0           0  35.0499   0.2321  0.0466  1.0000  0.0000    131847  0.9500
  0.00874    178.79     178.791           0           0           0  35.0499   0.2262  0.0645  1.0000  0.0000    133704  0.9500
  0.00830    178.75     178.746           0           0           0  35.0499   0.2165  0.0567  1.0000  0.0000    135561  0.9500
  0.00789    178.55     178.552           0           0           0  35.0499   0.2084  0.0405  1.0000  0.0000    137418  0.9500
  0.00749    178.53     178.534           0           0           0  35.0499   0.1836  0.0425  1.0000  0.0000    139275  0.9500
  0.00712    178.43     178.428           0           0           0  35.0499   0.1879  0.0325  1.0000  0.0000    141132  0.9500
  0.00676    178.28     178.283           0           0           0  35.0499   0.1799  0.0354  1.0000  0.0000    142989  0.9500
  0.00642    178.23     178.229           0           0           0  35.0499   0.1949  0.0620  1.0000  0.0000    144846  0.9500
  0.00610    178.09     178.093           0           0           0  35.0499   0.1669  0.0336  1.0000  0.0000    146703  0.9500
  0.00580     178.1     178.102           0           0           0  35.0499   0.1766  0.0327  1.0000  0.0000    148560  0.9500
  0.00551    178.04     178.037           0           0           0  35.0499   0.1707  0.0273  1.0000  0.0000    150417  0.9500
  0.00523    178.05      178.05           0           0           0  35.0499   0.1750  0.0286  1.0000  0.0000    152274  0.9500
  0.00497    177.93     177.926           0           0           0  35.0499   0.1616  0.0286  1.0000  0.0000    154131  0.9500
  0.00472    177.94     177.941           0           0           0  35.0499   0.1513  0.0223  1.0000  0.0000    155988  0.9500
  0.00449    177.87      177.87           0           0           0  35.0499   0.1513  0.0307  1.0000  0.0000    157845  0.9500
  0.00426    177.81     177.813           0           0           0  35.0499   0.1400  0.0352  1.0000  0.0000    159702  0.8000
  0.00341     177.7     177.698           0           0           0  35.0499   0.1352  0.0024  1.0000  0.0000    161559  0.8000
  0.00273    177.68     177.684           0           0           0  35.0499   0.1195  0.0000  1.0000  0.0000    163416  0.8000
  0.00218    177.65      177.65           0           0           0  35.0499   0.1255  0.0000  1.0000  0.0000    165273  0.8000
  0.00175    177.64     177.637           0           0           0  35.0499   0.1249  0.0000  1.0000  0.0000    167130  0.8000
  0.00140    177.63     177.632           0           0           0  35.0499   0.1147  0.0000  1.0000  0.0000    168987  0.8000
  0.00112    177.63     177.629           0           0           0  35.0499   0.1335  0.0131  1.0000  0.0000    170844  0.8000
  0.00089    177.63     177.634           0           0           0  35.0499   0.1023  0.0000  1.0000  0.0000    172701  0.8000
  0.00071    177.63     177.635           0           0           0  35.0499   0.1292  0.0000  1.0000  0.0000    174558  0.8000
  0.00000    177.63      177.63           0           0           0            0.0996  0.0147  1.0000  0.0000    176415
  9.10708    266.53      266.53           0           0           0  35.0499   0.9935  1.6255 18.0000  0.0000      1857  0.5000
  4.55354     263.2       263.2           0           0           0  35.0499   0.9898  0.9453 18.0000  0.0000      3714  0.5000
  2.27677    265.15     265.152           0           0           0  35.0499   0.9855  1.4956 18.0000  0.0000      5571  0.5000
  1.13838    262.63     262.626           0           0           0  35.0499   0.9731  0.8454 18.0000  0.0000      7428  0.5000
  0.56919     255.7     255.703           0           0           0  35.0499   0.9391  2.3317 18.0000  0.0000      9285  0.9000
  0.51227    251.44     251.435           0           0           0  35.0499   0.9268  1.3998 18.0000  0.0000     11142  0.9000
  0.46105    248.13     248.135           0           0           0  35.0499   0.9133  1.0244 18.0000  0.0000     12999  0.9000
  0.41494    248.71     248.709           0           0           0  35.0499   0.9198  0.8580 18.0000  0.0000     14856  0.9000
  0.37345    245.89      245.89           0           0           0  35.0499   0.8961  0.8910 18.0000  0.0000     16713  0.9000
  0.33610    245.46     245.458           0           0           0  35.0499   0.8869  0.8146 18.0000  0.0000     18570  0.9000
  0.30249    245.99     245.989           0           0           0  35.0499   0.8880  0.8079 18.0000  0.0000     20427  0.9000
  0.27224    244.37     244.366           0           0           0  35.0499   0.8729  1.0925 18.0000  0.0000     22284  0.9000
  0.24502    241.65     241.653           0           0           0  35.0499   0.8616  1.3214 18.0000  0.0000     24141  0.9000
  0.22052     237.2     237.198           0           0           0  35.0499   0.8368  1.9948 18.0000  0.0000     25998  0.9000
  0.19847    234.12     234.116           0           0           0  35.0499   0.8325  0.9250 18.0000  0.0000     27855  0.9000
  0.17862    232.55     232.548           0           0           0  35.0499   0.8191  0.7166 18.0000  0.0000     29712  0.9000
  0.16076    231.16     231.159           0           0           0  35.0499   0.8234  1.5761 18.0000  0.0000     31569  0.9000
  0.14468    225.98     225.978           0           0           0  35.0499   0.7808  1.7673 18.0000  0.0000     33426  0.9500
  0.13745    223.02     223.016           0           0           0  35.0499   0.7663  0.8352 18.0000  0.0000     35283  0.9500
  0.13057    222.28     222.278           0           0           0  35.0499   0.7647  0.9260 18.0000  0.0000     37140  0.9500
  0.12405    221.29     221.291           0           0           0  35.0499   0.7415  0.6470 18.0000  0.0000     38997  0.9500
  0.11784    219.62     219.616           0           0           0  35.0499   0.7307  1.0174 18.0000  0.0000     40854  0.9500
  0.11195    217.52     217.518           0           0           0  35.0499   0.7377  1.5279 18.0000  0.0000     42711  0.9500
  0.10635     215.1     215.104           0           0           0  35.0499   0.6974  1.0676 18.0000  0.0000     44568  0.9500
  0.10104    211.93     211.935           0           0           0  35.0499   0.6963  1.1631 18.0000  0.0000     46425  0.9500
  0.09598    211.68     211.679           0           0           0  35.0499   0.7011  1.0558 18.0000  0.0000     48282  0.9500
  0.09119    209.21     209.213           0           0           0  35.0499   0.6855  0.8860 18.0000  0.0000     50139  0.9500
  0.08663    208.97     208.969           0           0           0  35.0499   0.6737  0.3508 18.0000  0.0000     51996  0.9500
  0.08229    209.07     209.071           0           0           0  35.0499   0.6672  0.6897 18.0000  0.0000     53853  0.9500
  0.07818    207.99      207.99           0           0           0  35.0499   0.6532  0.7952 18.0000  0.0000     55710  0.9500
  0.07427    206.17     206.174           0           0           0  35.0499   0.6532  1.0111 18.0000  0.0000     57567  0.9500
  0.07056    204.86     204.862           0           0           0  35.0499   0.6096  0.4855 18.0000  0.0000     59424  0.9500
  0.06703    202.84     202.842           0           0           0  35.0499   0.5800  0.4366 18.0000  0.0000     61281  0.9500
  0.06368    203.44     203.444           0           0           0  35.0499   0.5988  0.5402 18.0000  0.0000     63138  0.9500
  0.06049    201.68     201.679           0           0           0  35.0499   0.5681  0.4231 18.0000  0.0000     64995  0.9500
  0.05747    201.72     201.717           0           0           0  35.0499   0.5563  0.4506 18.0000  0.0000     66852  0.9500
  0.05460    200.81      200.81           0           0           0  35.0499   0.5595  0.3045 18.0000  0.0000     68709  0.9500
  0.05187    200.39     200.392           0           0           0  35.0499   0.5358  0.2401 18.0000  0.0000     70566  0.9500
  0.04927    200.02     200.015           0           0           0  35.0499   0.5347  0.3762 18.0000  0.0000     72423  0.9500
  0.04681    198.58     198.575           0           0           0  35.0499   0.5051  0.4826 18.0000  0.0000     74280  0.9500
  0.04447    198.71      198.71           0           0           0  35.0499   0.4879  0.4367 18.0000  0.0000     76137  0.9500
  0.04225     198.7     198.699           0           0           0  35.0499   0.4782  0.2570 18.0000  0.0000     77994  0.9500
  0.04013     198.1     198.098           0           0           0  35.0499   0.4518  0.3921 18.0000  0.0000     79851  0.9500
  0.03813    197.71     197.709           0           0           0  35.0499   0.4529  0.1816 18.0000  0.0000     81708  0.9500
  0.03622    197.01     197.009           0           0           0  35.0499   0.4313  0.3846 18.0000  0.0000     83565  0.9500
  0.03441    196.49     196.491           0           0           0  35.0499   0.4394  0.1691 17.8441  0.0000     85422  0.9500
  0.03269    196.24     196.239           0           0           0  35.0499   0.4163  0.2968 17.8338  0.0000     87279  0.9500
  0.03105    196.11     196.109           0           0           0  35.0499   0.4044  0.2348 17.4104  0.0000     89136  0.9500
  0.02950    196.04      196.04           0           0           0  35.0499   0.3936  0.3504 16.7909  0.0000     90993  0.9500
  0.02803    195.44     195.438           0           0           0  35.0499   0.4082  0.1989 16.0126  0.0000     92850  0.9500
  0.02663    195.14      195.14           0           0           0  35.0499   0.3775  0.4178 15.5031  0.0000     94707  0.9500
  0.02529    194.67      194.67           0           0           0  35.0499   0.3721  0.1949 14.5340  0.0000     96564  0.9500
  0.02403    195.05     195.046           0           0           0  35.0499   0.3522  0.1989 13.5473  0.0000     98421  0.9500
  0.02283    194.68     194.678           0           0           0  35.0499   0.3560  0.1312 12.3575  0.0000    100278  0.9500
  0.02169    194.36     194.356           0           0           0  35.0499   0.3414  0.2408 11.3189  0.0000    102135  0.9500
  0.02060    194.04     194.043           0           0           0  35.0499   0.3323  0.1592 10.2030  0.0000    103992  0.9500
  0.01957    193.69      193.69           0           0           0  35.0499   0.3021  0.2649  9.1037  0.0000    105849  0.9500
  0.01859    193.44     193.441           0           0           0  35.0499   0.3053  0.1211  7.8483  0.0000    107706  0.9500
  0.01766    193.14     193.144           0           0           0  35.0499   0.2935  0.0701  6.7914  0.0000    109563  0.9500
  0.01678    192.96     192.965           0           0           0  35.0499   0.2973  0.1241  5.7963  0.0000    111420  0.9500
  0.01594    192.63     192.634           0           0           0  35.0499   0.2854  0.1519  4.9689  0.0000    113277  0.9500
  0.01514    192.81     192.812           0           0           0  35.0499   0.2660  0.1064  4.2008  0.0000    115134  0.9500
  0.01439    192.64     192.642           0           0           0  35.0499   0.2859  0.1532  3.4699  0.0000    116991  0.9500
  0.01367    192.28      192.28           0           0           0  35.0499   0.2574  0.0889  2.9354  0.0000    118848  0.9500
  0.01298    192.19     192.191           0           0           0  35.0499   0.2488  0.0594  2.3994  0.0000    120705  0.9500
  0.01234    192.07     192.065           0           0           0  35.0499   0.2375  0.0798  1.9406  0.0000    122562  0.9500
  0.01172    191.96     191.963           0           0           0  35.0499   0.2423  0.0741  1.5476  0.0000    124419  0.9500
  0.01113    191.96     191.963           0           0           0  35.0499   0.2321  0.0896  1.2417  0.0000    126276  0.9500
  0.01058    191.93     191.926           0           0           0  35.0499   0.2321  0.0664  1.0000  0.0000    128133  0.9500
  0.01005     191.8     191.798           0           0           0  35.0499   0.2294  0.0555  1.0000  0.0000    129990  0.9500
  0.00954    191.78     191.781           0           0           0  35.0499   0.2176  0.0374  1.0000  0.0000    131847  0.9500
  0.00907    191.71     191.706           0           0           0  35.0499   0.2192  0.0323  1.0000  0.0000    133704  0.9500
  0.00861    191.57     191.571           0           0           0  35.0499   0.2159  0.0526  1.0000  0.0000    135561  0.9500
  0.00818    191.62     191.622           0           0           0  35.0499   0.2079  0.0585  1.0000  0.0000    137418  0.9500
  0.00777     191.5     191.498           0           0           0  35.0499   0.2143  0.0366  1.0000  0.0000    139275  0.9500
  0.00739    191.51     191.508           0           0           0  35.0499   0.2009  0.0563  1.0000  0.0000    141132  0.9500
  0.00702    191.52     191.523           0           0           0  35.0499   0.1847  0.0372  1.0000  0.0000    142989  0.9500
  0.00667    191.47     191.469           0           0           0  35.0499   0.1659  0.0405  1.0000  0.0000    144846  0.9500
  0.00633     191.5     191.498           0           0           0  35.0499   0.1922  0.0328  1.0000  0.0000    146703  0.9500
  0.00602    191.49     191.493           0           0           0  35.0499   0.1804  0.0296  1.0000  0.0000    148560  0.9500
  0.00571    191.51     191.514           0           0           0  35.0499   0.1788  0.0286  1.0000  0.0000    150417  0.9500
  0.00543    191.41     191.409           0           0           0  35.0499   0.1782  0.0358  1.0000  0.0000    152274  0.9500
  0.00516    191.32     191.316           0           0           0  35.0499   0.1637  0.0239  1.0000  0.0000    154131  0.9500
  0.00490    191.31     191.309           0           0           0  35.0499   0.1492  0.0174  1.0000  0.0000    155988  0.8000
  0.00392    191.24      191.24           0           0           0  35.0499   0.1309  0.0400  1.0000  0.0000    157845  0.8000
  0.00314    191.18     191.184           0           0           0  35.0499   0.1212  0.0238  1.0000  0.0000    159702  0.8000
  0.00251    191.16     191.155           0           0           0  35.0499   0.1400  0.0268  1.0000  0.0000    161559  0.8000
  0.00201    191.12      191.12           0           0           0  35.0499   0.1195  0.0000  1.0000  0.0000    163416  0.8000
  0.00161    191.11     191.112           0           0           0  35.0499   0.1195  0.0380  1.0000  0.0000    165273  0.8000
  0.00128     191.1     191.103           0           0           0  35.0499   0.1169  0.0187  1.0000  0.0000    167130  0.8000
  0.00103     191.1     191.097           0           0           0  35.0499   0.1099  0.0362  1.0000  0.0000    168987  0.8000
  0.00082     191.1     191.098           0           0           0  35.0499   0.1109  0.0253  1.0000  0.0000    170844  0.8000
  0.00000     191.1     191.097           0           0           0            0.1222  0.0361  1.0000  0.0000    172701
  6.00383    262.03     262.032           0           0           0  35.0499   0.9930  1.0157 18.0000  0.0000      1857  0.5000
  3.00191     260.1     260.101           0           0           0  35.0499   0.9903  1.1999 18.0000  0.0000      3714  0.5000
  1.50096    257.61      257.61           0           0           0  35.0499   0.9801  0.8625 18.0000  0.0000      5571  0.5000
  0.75048    259.51     259.507           0           0           0  35.0499   0.9585  1.5477 18.0000  0.0000      7428  0.9000
  0.67543    255.77     255.773           0           0           0  35.0499   0.9483  1.4062 18.0000  0.0000      9285  0.9000
  0.60789    253.84     253.835           0           0           0  35.0499   0.9461  2.1624 18.0000  0.0000     11142  0.9000
  0.54710    251.58     251.584           0           0           0  35.0499   0.9370  1.2854 18.0000  0.0000     12999  0.9000
  0.49239    252.05     252.048           0           0           0  35.0499   0.9321  1.6798 18.0000  0.0000     14856  0.9000
  0.44315    249.04     249.041           0           0           0  35.0499   0.9262  0.8158 18.0000  0.0000     16713  0.9000
  0.39883    248.41     248.406           0           0           0  35.0499   0.9138  0.6141 18.0000  0.0000     18570  0.9000
  0.35895    248.36     248.365           0           0           0  35.0499   0.9149  1.0155 18.0000  0.0000     20427  0.9000
  0.32306    246.79     246.786           0           0           0  35.0499   0.8934  1.3396 18.0000  0.0000     22284  0.9000
  0.29075    243.24     243.241           0           0           0  35.0499   0.8945  1.7124 18.0000  0.0000     24141  0.9000
  0.26168    242.69     242.687           0           0           0  35.0499   0.8735  1.1758 18.0000  0.0000     25998  0.9000
  0.23551    237.57     237.572           0           0           0  35.0499   0.8568  1.6998 18.0000  0.0000     27855  0.9000
  0.21196    232.84     232.844           0           0           0  35.0499   0.8320  0.8505 18.0000  0.0000     29712  0.9000
  0.19076    230.37     230.367           0           0           0  35.0499   0.8379  0.7671 18.0000  0.0000     31569  0.9000
  0.17169    228.47     228.473           0           0           0  35.0499   0.8094  0.7695 18.0000  0.0000     33426  0.9000
  0.15452    227.76     227.759           0           0           0  35.0499   0.7781  1.4605 18.0000  0.0000     35283  0.9500
  0.14679    225.06     225.061           0           0           0  35.0499   0.7884  1.0426 18.0000  0.0000     37140  0.9500
  0.13945    224.91     224.914           0           0           0  35.0499   0.7717  0.6712 18.0000  0.0000     38997  0.9500
  0.13248    222.65     222.652           0           0           0  35.0499   0.7561  1.4866 18.0000  0.0000     40854  0.9500
  0.12585    218.04      218.04           0           0           0  35.0499   0.7431  2.2520 18.0000  0.0000     42711  0.9500
  0.11956    214.86     214.861           0           0           0  35.0499   0.7307  0.9043 18.0000  0.0000     44568  0.9500
  0.11358    212.83     212.828           0           0           0  35.0499   0.7216  0.9033 18.0000  0.0000     46425  0.9500
  0.10790    210.54     210.535           0           0           0  35.0499   0.7178  0.4877 18.0000  0.0000     48282  0.9500
  0.10251    209.22     209.215           0           0           0  35.0499   0.6769  1.2317 18.0000  0.0000     50139  0.9500
  0.09738    208.32     208.322           0           0           0  35.0499   0.6812  0.5944 18.0000  0.0000     51996  0.9500
  0.09251    206.87     206.867           0           0           0  35.0499   0.6710  0.4201 18.0000  0.0000     53853  0.9500
  0.08789    204.45     204.454           0           0           0  35.0499   0.6457  0.6839 18.0000  0.0000     55710  0.9500
  0.08349    203.37     203.373           0           0           0  35.0499   0.6457  0.5961 18.0000  0.0000     57567  0.9500
  0.07932    203.99      203.99           0           0           0  35.0499   0.6451  0.4073 18.0000  0.0000     59424  0.9500
  0.07535    203.13     203.131           0           0           0  35.0499   0.6031  0.4674 18.0000  0.0000     61281  0.9500
  0.07159    202.17     202.166           0           0           0  35.0499   0.6004  0.5985 18.0000  0.0000     63138  0.9500
  0.06801    201.24     201.236           0           0           0  35.0499   0.6010  0.8401 18.0000  0.0000     64995  0.9500
  0.06461    199.47     199.475           0           0           0  35.0499   0.5880  0.4142 18.0000  0.0000     66852  0.9500
  0.06138    198.17      198.17           0           0           0  35.0499   0.5886  0.6208 18.0000  0.0000     68709  0.9500
  0.05831    198.38     198.376           0           0           0  35.0499   0.5261  0.4142 18.0000  0.0000     70566  0.9500
  0.05539    198.65     198.646           0           0           0  35.0499   0.5267  0.3762 18.0000  0.0000     72423  0.9500
  0.05262    198.06     198.063           0           0           0  35.0499   0.5337  0.3034 18.0000  0.0000     74280  0.9500
  0.04999    197.95     197.949           0           0           0  35.0499   0.5164  0.4173 18.0000  0.0000     76137  0.9500
  0.04749    196.26     196.257           0           0           0  35.0499   0.5170  0.5082 18.0000  0.0000     77994  0.9500
  0.04512    195.18     195.182           0           0           0  35.0499   0.4820  0.4266 18.0000  0.0000     79851  0.9500
  0.04286    195.01     195.014           0           0           0  35.0499   0.4448  0.3846 18.0000  0.0000     81708  0.9500
  0.04072    194.13     194.134           0           0           0  35.0499   0.4518  0.2485 18.0000  0.0000     83565  0.9500
  0.03868    194.32     194.323           0           0           0  35.0499   0.4518  0.4308 18.0000  0.0000     85422  0.9500
  0.03675    193.94     193.937           0           0           0  35.0499   0.4373  0.2591 18.0000  0.0000     87279  0.9500
  0.03491    193.04     193.036           0           0           0  35.0499   0.4071  0.4899 17.9508  0.0000     89136  0.9500
  0.03317    192.79     192.786           0           0           0  35.0499   0.4055  0.1761 17.3603  0.0000     90993  0.9500
  0.03151    192.54     192.543           0           0           0  35.0499   0.4012  0.1353 16.7613  0.0000     92850  0.9500
  0.02993    192.23     192.235           0           0           0  35.0499   0.3953  0.2516 16.1107  0.0000     94707  0.9500
  0.02844    192.05     192.053           0           0           0  35.0499   0.3872  0.1185 15.3899  0.0000     96564  0.9500
  0.02701    191.59     191.586           0           0           0  35.0499   0.3603  0.2808 14.5771  0.0000     98421  0.9500
  0.02566    190.95     190.952           0           0           0  35.0499   0.3446  0.1988 13.4147  0.0000    100278  0.9500
  0.02438    190.84     190.839           0           0           0  35.0499   0.3328  0.1747 12.1355  0.0000    102135  0.9500
  0.02316    190.34     190.344           0           0           0  35.0499   0.3640  0.1174 10.8345  0.0000    103992  0.9500
  0.02200    190.29     190.286           0           0           0  35.0499   0.3640  0.1344 10.0114  0.0000    105849  0.9500
  0.02090    189.81     189.811           0           0           0  35.0499   0.3312  0.1331  9.2508  0.0000    107706  0.9500
  0.01986    189.54     189.539           0           0           0  35.0499   0.3204  0.0884  8.2441  0.0000    109563  0.9500
  0.01886     189.2     189.197           0           0           0  35.0499   0.3296  0.1233  7.2582  0.0000    111420  0.9500
  0.01792    188.77     188.766           0           0           0  35.0499   0.2956  0.1078  6.4566  0.0000    113277  0.9500
  0.01703    188.84     188.841           0           0           0  35.0499   0.3043  0.2238  5.5245  0.0000    115134  0.9500
  0.01617    188.23     188.234           0           0           0  35.0499   0.2903  0.1680  4.7746  0.0000    116991  0.9500
  0.01537     187.9     187.899           0           0           0  35.0499   0.2994  0.0973  4.0596  0.0000    118848  0.9500
  0.01460    187.91     187.909           0           0           0  35.0499   0.2849  0.1559  3.4889  0.0000    120705  0.9500
  0.01387     187.7     187.696           0           0           0  35.0499   0.2752  0.0889  2.9476  0.0000    122562  0.9500
  0.01317    187.52     187.516           0           0           0  35.0499   0.2698  0.0809  2.4618  0.0000    124419  0.9500
  0.01252    187.65     187.648           0           0           0  35.0499   0.2752  0.0843  2.0428  0.0000    126276  0.9500
  0.01189    187.44     187.444           0           0           0  35.0499   0.2520  0.0937  1.7061  0.0000    128133  0.9500
  0.01129    187.22     187.218           0           0           0  35.0499   0.2639  0.0424  1.3854  0.0000    129990  0.9500
  0.01073    187.27     187.267           0           0           0  35.0499   0.2531  0.0869  1.1414  0.0000    131847  0.9500
  0.01019    187.26     187.261           0           0           0  35.0499   0.2456  0.0698  1.0000  0.0000    133704  0.9500
  0.00968    187.13     187.126           0           0           0  35.0499   0.2272  0.0634  1.0000  0.0000    135561  0.9500
  0.00920    187.17     187.174           0           0           0  35.0499   0.2418  0.0777  1.0000  0.0000    137418  0.9500
  0.00874       187     187.003           0           0           0  35.0499   0.2256  0.1152  1.0000  0.0000    139275  0.9500
  0.00830     186.8     186.797           0           0           0  35.0499   0.2106  0.0367  1.0000  0.0000    141132  0.9500
  0.00789    186.71     186.705           0           0           0  35.0499   0.2127  0.0484  1.0000  0.0000    142989  0.9500
  0.00749    186.69     186.689           0           0           0  35.0499   0.2068  0.0137  1.0000  0.0000    144846  0.9500
  0.00712    186.67     186.671           0           0           0  35.0499   0.2003  0.0345  1.0000  0.0000    146703  0.9500
  0.00676    186.69     186.691           0           0           0  35.0499   0.1718  0.0381  1.0000  0.0000    148560  0.9500
  0.00642    186.67     186.668           0           0           0  35.0499   0.1809  0.0398  1.0000  0.0000    150417  0.9500
  0.00610    186.59     186.592           0           0           0  35.0499   0.1826  0.0380  1.0000  0.0000    152274  0.9500
  0.00580    186.56     186.555           0           0           0  35.0499   0.1761  0.0265  1.0000  0.0000    154131  0.9500
  0.00551     186.6     186.601           0           0           0  35.0499   0.1702  0.0279  1.0000  0.0000    155988  0.9500
  0.00523    186.54     186.538           0           0           0  35.0499   0.1470  0.0704  1.0000  0.0000    157845  0.8000
  0.00419    186.43      186.43           0           0           0  35.0499   0.1583  0.0131  1.0000  0.0000    159702  0.9500
  0.00398    186.41     186.408           0           0           0  35.0499   0.1389  0.0294  1.0000  0.0000    161559  0.8000
  0.00318    186.36     186.355           0           0           0  35.0499   0.1309  0.0000  1.0000  0.0000    163416  0.8000
  0.00255    186.34     186.336           0           0           0  35.0499   0.1535  0.0000  1.0000  0.0000    165273  0.9500
  0.00242    186.32     186.321           0           0           0  35.0499   0.1454  0.0000  1.0000  0.0000    167130  0.8000
  0.00193     186.3     186.303           0           0           0  35.0499   0.1158  0.0181  1.0000  0.0000    168987  0.8000
  0.00155     186.3     186.302           0           0           0  35.0499   0.1265  0.0000  1.0000  0.0000    170844  0.8000
  0.00124    186.28     186.282           0           0           0  35.0499   0.1152  0.0295  1.0000  0.0000    172701  0.8000
  0.00099    186.28     186.277           0           0           0  35.0499   0.1179  0.0359  1.0000  0.0000    174558  0.8000
  0.00079    186.28     186.278           0           0           0  35.0499   0.1195  0.0378  1.0000  0.0000    176415  0.8000
  0.00000    186.28     186.277           0           0           0            0.1158  0.0357  1.0000  0.0000    178272
  9.75556    261.65      261.65           0           0           0  35.0499   0.9968  1.2798 18.0000  0.0000      1857  0.5000
  4.87778    264.62     264.622           0           0           0  35.0499   0.9914  1.7423 18.0000  0.0000      3714  0.5000
  2.43889    266.42     266.419           0           0           0  35.0499   0.9828  0.7670 18.0000  0.0000      5571  0.5000
  1.21945    267.77     267.769           0           0           0  35.0499   0.9742  1.2378 18.0000  0.0000      7428  0.5000
  0.60972    263.91      263.91           0           0           0  35.0499   0.9494  1.3964 18.0000  0.0000      9285  0.9000
  0.54875    257.98     257.983           0           0           0  35.0499   0.9327  3.1472 18.0000  0.0000     11142  0.9000
  0.49388    254.69     254.687           0           0           0  35.0499   0.9408  0.8967 18.0000  0.0000     12999  0.9000
  0.44449    254.89     254.891           0           0           0  35.0499   0.9192  0.9807 18.0000  0.0000     14856  0.9000
  0.40004       255     255.005           0           0           0  35.0499   0.9165  1.1943 18.0000  0.0000     16713  0.9000
  0.36004     251.3     251.298           0           0           0  35.0499   0.9047  0.6930 18.0000  0.0000     18570  0.9000
  0.32403    248.18     248.184           0           0           0  35.0499   0.8810  1.4877 18.0000  0.0000     20427  0.9000
  0.29163    245.21     245.214           0           0           0  35.0499   0.8799  2.0144 18.0000  0.0000     22284  0.9000
  0.26247    242.14     242.142           0           0           0  35.0499   0.8810  0.7432 18.0000  0.0000     24141  0.9000
  0.23622    241.06     241.056           0           0           0  35.0499   0.8621  0.7563 18.0000  0.0000     25998  0.9000
  0.21260    238.52     238.519           0           0           0  35.0499   0.8347  1.7955 18.0000  0.0000     27855  0.9000
  0.19134    235.97     235.974           0           0           0  35.0499   0.8395  1.1973 18.0000  0.0000     29712  0.9000
  0.17220    231.66     231.655           0           0           0  35.0499   0.8234  1.4717 18.0000  0.0000     31569  0.9000
  0.15498    229.06     229.063           0           0           0  35.0499   0.8078  1.0085 18.0000  0.0000     33426  0.9000
  0.13948    228.15     228.146           0           0           0  35.0499   0.7830  1.0956 18.0000  0.0000     35283  0.9500
  0.13251    224.83     224.826           0           0           0  35.0499   0.7442  1.3249 18.0000  0.0000     37140  0.9500
  0.12589    221.33     221.334           0           0           0  35.0499   0.7399  0.9352 18.0000  0.0000     38997  0.9500
  0.11959    220.61     220.609           0           0           0  35.0499   0.7577  0.8881 18.0000  0.0000     40854  0.9500
  0.11361    217.21     217.207           0           0           0  35.0499   0.7356  1.0022 18.0000  0.0000     42711  0.9500
  0.10793    215.85     215.849           0           0           0  35.0499   0.7264  0.4532 18.0000  0.0000     44568  0.9500
  0.10253    213.97     213.971           0           0           0  35.0499   0.7157  1.1559 18.0000  0.0000     46425  0.9500
  0.09741    213.39     213.392           0           0           0  35.0499   0.6947  0.6692 18.0000  0.0000     48282  0.9500
  0.09254    212.05     212.054           0           0           0  35.0499   0.7060  0.8021 18.0000  0.0000     50139  0.9500
  0.08791    210.16     210.159           0           0           0  35.0499   0.6871  0.8230 18.0000  0.0000     51996  0.9500
  0.08351    208.55     208.548           0           0           0  35.0499   0.6521  1.2410 18.0000  0.0000     53853  0.9500
  0.07934    207.81     207.811           0           0           0  35.0499   0.6440  0.4481 18.0000  0.0000     55710  0.9500
  0.07537    208.29     208.286           0           0           0  35.0499   0.6489  0.4098 18.0000  0.0000     57567  0.9500
  0.07160    205.96     205.955           0           0           0  35.0499   0.6171  0.7808 18.0000  0.0000     59424  0.9500
  0.06802     205.2     205.201           0           0           0  35.0499   0.6144  0.3958 18.0000  0.0000     61281  0.9500
  0.06462       204     204.004           0           0           0  35.0499   0.5972  0.3866 18.0000  0.0000     63138  0.9500
  0.06139    203.63     203.629           0           0           0  35.0499   0.5735  0.2718 18.0000  0.0000     64995  0.9500
  0.05832    203.29     203.294           0           0           0  35.0499   0.5789  0.3752 18.0000  0.0000     66852  0.9500
  0.05541    202.21     202.214           0           0           0  35.0499   0.5600  0.8894 18.0000  0.0000     68709  0.9500
  0.05264    201.28     201.281           0           0           0  35.0499   0.5487  0.2838 18.0000  0.0000     70566  0.9500
  0.05000    199.86     199.863           0           0           0  35.0499   0.5374  0.6743 18.0000  0.0000     72423  0.9500
  0.04750    199.16     199.165           0           0           0  35.0499   0.5127  0.2144 18.0000  0.0000     74280  0.9500
  0.04513    198.65      198.65           0           0           0  35.0499   0.5191  0.4527 18.0000  0.0000     76137  0.9500
  0.04287    197.21     197.209           0           0           0  35.0499   0.4567  0.3922 18.0000  0.0000     77994  0.9500
  0.04073    196.94     196.938           0           0           0  35.0499   0.4868  0.2731 18.0000  0.0000     79851  0.9500
  0.03869    196.34     196.335           0           0           0  35.0499   0.4620  0.2561 18.0000  0.0000     81708  0.9500
  0.03676    195.87     195.872           0           0           0  35.0499   0.4588  0.2407 18.0000  0.0000     83565  0.9500
  0.03492    196.35     196.354           0           0           0  35.0499   0.4561  0.3453 18.0000  0.0000     85422  0.9500
  0.03317    195.95     195.952           0           0           0  35.0499   0.4335  0.2433 18.0000  0.0000     87279  0.9500
  0.03151    196.11     196.113           0           0           0  35.0499   0.4437  0.2544 17.8829  0.0000     89136  0.9500
  0.02994     195.2     195.202           0           0           0  35.0499   0.4152  0.4509 17.9495  0.0000     90993  0.9500
  0.02844    194.42     194.421           0           0           0  35.0499   0.3942  0.1454 17.5041  0.0000     92850  0.9500
  0.02702    193.81     193.815           0           0           0  35.0499   0.3721  0.2278 16.7022  0.0000     94707  0.9500
  0.02567     193.6     193.602           0           0           0  35.0499   0.3770  0.3210 15.5682  0.0000     96564  0.9500
  0.02439    192.74     192.739           0           0           0  35.0499   0.3376  0.1507 14.5866  0.0000     98421  0.9500
  0.02317    192.51     192.505           0           0           0  35.0499   0.3543  0.2792 13.0936  0.0000    100278  0.9500
  0.02201    191.98     191.976           0           0           0  35.0499   0.3344  0.0981 11.9719  0.0000    102135  0.9500
  0.02091    191.96     191.963           0           0           0  35.0499   0.3619  0.1467 10.7078  0.0000    103992  0.9500
  0.01986    191.62     191.622           0           0           0  35.0499   0.3533  0.1168  9.8712  0.0000    105849  0.9500
  0.01887    191.06     191.057           0           0           0  35.0499   0.3463  0.1898  9.0150  0.0000    107706  0.9500
  0.01793    190.75     190.746           0           0           0  35.0499   0.3199  0.2980  8.1699  0.0000    109563  0.9500
  0.01703     190.2     190.203           0           0           0  35.0499   0.2811  0.0857  7.1885  0.0000    111420  0.9500
  0.01618    189.95     189.947           0           0           0  35.0499   0.2956  0.1345  6.0462  0.0000    113277  0.9500
  0.01537    189.71     189.706           0           0           0  35.0499   0.2946  0.0899  5.1734  0.0000    115134  0.9500
  0.01460    189.64     189.639           0           0           0  35.0499   0.2978  0.0809  4.4210  0.0000    116991  0.9500
  0.01387    189.52     189.523           0           0           0  35.0499   0.2886  0.0929  3.7923  0.0000    118848  0.9500
  0.01318    189.53     189.532           0           0           0  35.0499   0.2617  0.0549  3.2183  0.0000    120705  0.9500
  0.01252    189.42     189.422           0           0           0  35.0499   0.2746  0.0941  2.6445  0.0000    122562  0.9500
  0.01189    189.34     189.339           0           0           0  35.0499   0.2499  0.0869  2.2072  0.0000    124419  0.9500
  0.01130    189.33     189.331           0           0           0  35.0499   0.2563  0.0683  1.7875  0.0000    126276  0.9500
  0.01073    189.24      189.24           0           0           0  35.0499   0.2569  0.1027  1.4592  0.0000    128133  0.9500
  0.01020    188.99     188.988           0           0           0  35.0499   0.2342  0.0439  1.1920  0.0000    129990  0.9500
  0.00969    188.95     188.954           0           0           0  35.0499   0.2418  0.0519  1.0000  0.0000    131847  0.9500
  0.00920    188.85     188.847           0           0           0  35.0499   0.2197  0.0383  1.0000  0.0000    133704  0.9500
  0.00874    188.77     188.768           0           0           0  35.0499   0.2079  0.0484  1.0000  0.0000    135561  0.9500
  0.00830    188.76      188.76           0           0           0  35.0499   0.2332  0.0524  1.0000  0.0000    137418  0.9500
  0.00789    188.59     188.594           0           0           0  35.0499   0.2046  0.0461  1.0000  0.0000    139275  0.9500
  0.00750     188.6       188.6           0           0           0  35.0499   0.1896  0.0786  1.0000  0.0000    141132  0.9500
  0.00712    188.57     188.567           0           0           0  35.0499   0.1966  0.0555  1.0000  0.0000    142989  0.9500
  0.00676    188.52     188.518           0           0           0  35.0499   0.1912  0.0330  1.0000  0.0000    144846  0.9500
  0.00643    188.45     188.451           0           0           0  35.0499   0.1869  0.0531  1.0000  0.0000    146703  0.9500
  0.00610    188.45     188.452           0           0           0  35.0499   0.1756  0.0247  1.0000  0.0000    148560  0.9500
  0.00580     188.4     188.397           0           0           0  35.0499   0.1847  0.0383  1.0000  0.0000    150417  0.9500
  0.00551     188.3     188.303           0           0           0  35.0499   0.1513  0.0411  1.0000  0.0000    152274  0.9500
  0.00523    188.24     188.239           0           0           0  35.0499   0.1605  0.0356  1.0000  0.0000    154131  0.9500
  0.00497    188.26     188.257           0           0           0  35.0499   0.1572  0.0373  1.0000  0.0000    155988  0.9500
  0.00472    188.21     188.206           0           0           0  35.0499   0.1497  0.0270  1.0000  0.0000    157845  0.8000
  0.00378    188.17     188.166           0           0           0  35.0499   0.1465  0.0000  1.0000  0.0000    159702  0.8000
  0.00302    188.11     188.108           0           0           0  35.0499   0.1249  0.0185  1.0000  0.0000    161559  0.8000
  0.00242    188.11     188.113           0           0           0  35.0499   0.1411  0.0000  1.0000  0.0000    163416  0.8000
  0.00193    188.07     188.071           0           0           0  35.0499   0.1265  0.0000  1.0000  0.0000    165273  0.8000
  0.00155    188.05     188.053           0           0           0  35.0499   0.1271  0.0000  1.0000  0.0000    167130  0.8000
  0.00124    188.05     188.053           0           0           0  35.0499   0.1136  0.0000  1.0000  0.0000    168987  0.8000
  0.00099    188.05     188.052           0           0           0  35.0499   0.1055  0.0000  1.0000  0.0000    170844  0.8000
  0.00079    188.05     188.052           0           0           0  35.0499   0.1023  0.0000  1.0000  0.0000    172701  0.8000
  0.00000    188.05     188.052           0           0           0            0.1195  0.0000  1.0000  0.0000    174558
 11.48480    262.23     262.233           0           0           0  35.0499   0.9973  1.1335 18.0000  0.0000      1857  0.5000
  5.74240    261.19     261.189           0           0           0  35.0499   0.9952  1.0772 18.0000  0.0000      3714  0.5000
  2.87120    259.78      259.78           0           0           0  35.0499   0.9844  1.2359 18.0000  0.0000      5571  0.5000
  1.43560    261.28     261.281           0           0           0  35.0499   0.9742  0.8660 18.0000  0.0000      7428  0.5000
  0.71780    259.49     259.488           0           0           0  35.0499   0.9585  1.9024 18.0000  0.0000      9285  0.9000
  0.64602    257.03     257.027           0           0           0  35.0499   0.9488  1.9207 18.0000  0.0000     11142  0.9000
  0.58142    251.47     251.466           0           0           0  35.0499   0.9413  1.1564 18.0000  0.0000     12999  0.9000
  0.52328    247.91      247.91           0           0           0  35.0499   0.9321  1.0258 18.0000  0.0000     14856  0.9000
  0.47095    245.73     245.732           0           0           0  35.0499   0.9203  0.5959 18.0000  0.0000     16713  0.9000
  0.42385     246.4     246.399           0           0           0  35.0499   0.9284  1.0522 18.0000  0.0000     18570  0.9000
  0.38147    244.41     244.409           0           0           0  35.0499   0.9149  1.3935 18.0000  0.0000     20427  0.9000
  0.34332     242.8     242.801           0           0           0  35.0499   0.8875  1.2794 18.0000  0.0000     22284  0.9000
  0.30899    240.35     240.351           0           0           0  35.0499   0.8659  0.9654 18.0000  0.0000     24141  0.9000
  0.27809    237.72     237.719           0           0           0  35.0499   0.8778  1.5650 18.0000  0.0000     25998  0.9000
  0.25028    234.58     234.578           0           0           0  35.0499   0.8643  1.1744 18.0000  0.0000     27855  0.9000
  0.22525     229.3     229.302           0           0           0  35.0499   0.8384  2.1896 18.0000  0.0000     29712  0.9000
  0.20273    227.94     227.936           0           0           0  35.0499   0.8358  1.5246 18.0000  0.0000     31569  0.9000
  0.18246    224.87     224.866           0           0           0  35.0499   0.8115  1.5589 18.0000  0.0000     33426  0.9000
  0.16421    222.59     222.588           0           0           0  35.0499   0.7873  0.7892 18.0000  0.0000     35283  0.9500
  0.15600       222     222.003           0           0           0  35.0499   0.7717  0.9798 18.0000  0.0000     37140  0.9500
  0.14820    219.48     219.477           0           0           0  35.0499   0.7830  1.4126 18.0000  0.0000     38997  0.9500
  0.14079    216.19     216.186           0           0           0  35.0499   0.7728  1.1147 18.0000  0.0000     40854  0.9500
  0.13375    214.52     214.523           0           0           0  35.0499   0.7641  0.7713 18.0000  0.0000     42711  0.9500
  0.12706    212.14     212.144           0           0           0  35.0499   0.7663  0.6011 18.0000  0.0000     44568  0.9500
  0.12071    209.35     209.345           0           0           0  35.0499   0.7345  2.0259 18.0000  0.0000     46425  0.9500
  0.11467    208.02     208.019           0           0           0  35.0499   0.7356  0.7041 18.0000  0.0000     48282  0.9500
  0.10894    206.66     206.665           0           0           0  35.0499   0.7108  1.0435 18.0000  0.0000     50139  0.9500
  0.10349    205.04      205.04           0           0           0  35.0499   0.7162  0.4644 18.0000  0.0000     51996  0.9500
  0.09832    202.19     202.195           0           0           0  35.0499   0.6920  1.5879 18.0000  0.0000     53853  0.9500
  0.09340    200.53     200.525           0           0           0  35.0499   0.6758  0.3865 18.0000  0.0000     55710  0.9500
  0.08873    197.67     197.671           0           0           0  35.0499   0.6677  0.8751 18.0000  0.0000     57567  0.9500
  0.08430    195.23     195.229           0           0           0  35.0499   0.6349  1.0343 18.0000  0.0000     59424  0.9500
  0.08008     193.3     193.297           0           0           0  35.0499   0.6193  0.3976 18.0000  0.0000     61281  0.9500
  0.07608    191.49     191.492           0           0           0  35.0499   0.6451  0.6683 18.0000  0.0000     63138  0.9500
  0.07227    190.08     190.083           0           0           0  35.0499   0.6193  0.4965 18.0000  0.0000     64995  0.9500
  0.06866    189.32     189.318           0           0           0  35.0499   0.6160  0.2977 18.0000  0.0000     66852  0.9500
  0.06523    187.02     187.023           0           0           0  35.0499   0.6074  0.8299 18.0000  0.0000     68709  0.9500
  0.06197    186.17     186.173           0           0           0  35.0499   0.5950  0.2650 18.0000  0.0000     70566  0.9500
  0.05887    183.93     183.928           0           0           0  35.0499   0.5660  0.8002 18.0000  0.0000     72423  0.9500
  0.05592    184.73     184.727           0           0           0  35.0499   0.5751  0.7670 18.0000  0.0000     74280  0.9500
  0.05313    184.17     184.166           0           0           0  35.0499   0.5697  0.6187 18.0000  0.0000     76137  0.9500
  0.05047    183.02     183.022           0           0           0  35.0499   0.5234  0.6217 18.0000  0.0000     77994  0.9500
  0.04795    182.11     182.112           0           0           0  35.0499   0.5320  0.3599 18.0000  0.0000     79851  0.9500
  0.04555    180.82     180.816           0           0           0  35.0499   0.4884  0.3927 18.0000  0.0000     81708  0.9500
  0.04327    180.73     180.734           0           0           0  35.0499   0.4680  0.2795 18.0000  0.0000     83565  0.9500
  0.04111    180.56     180.565           0           0           0  35.0499   0.5116  0.3868 18.0000  0.0000     85422  0.9500
  0.03905    180.09     180.092           0           0           0  35.0499   0.4610  0.3630 18.0000  0.0000     87279  0.9500
  0.03710    179.78     179.782           0           0           0  35.0499   0.4432  0.3337 18.0000  0.0000     89136  0.9500
  0.03525    179.95     179.949           0           0           0  35.0499   0.4604  0.3120 18.0000  0.0000     90993  0.9500
  0.03348    179.21     179.209           0           0           0  35.0499   0.4195  0.4373 18.0000  0.0000     92850  0.9500
  0.03181    178.51     178.515           0           0           0  35.0499   0.4340  0.1972 17.6309  0.0000     94707  0.9500
  0.03022    177.98     177.983           0           0           0  35.0499   0.4006  0.2131 17.5257  0.0000     96564  0.9500
  0.02871    177.56     177.561           0           0           0  35.0499   0.4082  0.2918 16.8360  0.0000     98421  0.9500
  0.02727    176.89     176.894           0           0           0  35.0499   0.3974  0.1261 16.3004  0.0000    100278  0.9500
  0.02591    176.53     176.534           0           0           0  35.0499   0.3619  0.1420 15.6062  0.0000    102135  0.9500
  0.02461    176.16     176.163           0           0           0  35.0499   0.3764  0.2444 14.3870  0.0000    103992  0.9500
  0.02338     175.7     175.702           0           0           0  35.0499   0.3603  0.0995 13.4721  0.0000    105849  0.9500
  0.02221    175.24     175.237           0           0           0  35.0499   0.3603  0.1232 12.3979  0.0000    107706  0.9500
  0.02110    174.93     174.934           0           0           0  35.0499   0.3414  0.1368 11.4092  0.0000    109563  0.9500
  0.02005    174.68     174.679           0           0           0  35.0499   0.3414  0.1107 10.2844  0.0000    111420  0.9500
  0.01905     174.2     174.196           0           0           0  35.0499   0.3032  0.1078  9.2705  0.0000    113277  0.9500
  0.01809    174.31     174.313           0           0           0  35.0499   0.3263  0.1823  8.0021  0.0000    115134  0.9500
  0.01719    173.87     173.866           0           0           0  35.0499   0.2935  0.2109  7.0925  0.0000    116991  0.9500
  0.01633    173.34     173.339           0           0           0  35.0499   0.2833  0.1443  6.0533  0.0000    118848  0.9500
  0.01551    173.21     173.205           0           0           0  35.0499   0.2816  0.0593  5.1045  0.0000    120705  0.9500
  0.01474    172.85     172.852           0           0           0  35.0499   0.2612  0.1419  4.2961  0.0000    122562  0.9500
  0.01400    172.74     172.741           0           0           0  35.0499   0.2617  0.0548  3.5279  0.0000    124419  0.9500
  0.01330    172.67     172.669           0           0           0  35.0499   0.2547  0.0924  2.8989  0.0000    126276  0.9500
  0.01264    172.54     172.542           0           0           0  35.0499   0.2466  0.0467  2.3618  0.0000    128133  0.9500
  0.01200    172.26     172.263           0           0           0  35.0499   0.2386  0.0737  1.9051  0.0000    129990  0.9500
  0.01140    172.19     172.191           0           0           0  35.0499   0.2402  0.0797  1.5213  0.0000    131847  0.9500
  0.01083     172.1     172.099           0           0           0  35.0499   0.2375  0.1162  1.2173  0.0000    133704  0.9500
  0.01029    171.86     171.864           0           0           0  35.0499   0.2213  0.1221  1.0000  0.0000    135561  0.9500
  0.00978    171.76     171.764           0           0           0  35.0499   0.2294  0.0551  1.0000  0.0000    137418  0.9500
  0.00929    171.52     171.518           0           0           0  35.0499   0.2127  0.0983  1.0000  0.0000    139275  0.9500
  0.00882    171.45     171.449           0           0           0  35.0499   0.2100  0.0649  1.0000  0.0000    141132  0.9500
  0.00838    171.44     171.437           0           0           0  35.0499   0.2014  0.0723  1.0000  0.0000    142989  0.9500
  0.00796     171.5     171.499           0           0           0  35.0499   0.2267  0.0365  1.0000  0.0000    144846  0.9500
  0.00757    171.34     171.344           0           0           0  35.0499   0.1971  0.0706  1.0000  0.0000    146703  0.9500
  0.00719     171.3     171.298           0           0           0  35.0499   0.1917  0.0545  1.0000  0.0000    148560  0.9500
  0.00683    171.22     171.222           0           0           0  35.0499   0.1696  0.0270  1.0000  0.0000    150417  0.9500
  0.00649    171.21     171.205           0           0           0  35.0499   0.1809  0.0538  1.0000  0.0000    152274  0.9500
  0.00616    171.14     171.144           0           0           0  35.0499   0.1691  0.0218  1.0000  0.0000    154131  0.9500
  0.00585    171.08     171.082           0           0           0  35.0499   0.1669  0.0635  1.0000  0.0000    155988  0.9500
  0.00556    170.98     170.977           0           0           0  35.0499   0.1529  0.0181  1.0000  0.0000    157845  0.9500
  0.00528    171.01      171.01           0           0           0  35.0499   0.1567  0.0569  1.0000  0.0000    159702  0.9500
  0.00502    171.02     171.017           0           0           0  35.0499   0.1632  0.0394  1.0000  0.0000    161559  0.9500
  0.00477    170.96     170.959           0           0           0  35.0499   0.1594  0.0283  1.0000  0.0000    163416  0.9500
  0.00453    170.98     170.981           0           0           0  35.0499   0.1416  0.0263  1.0000  0.0000    165273  0.8000
  0.00362    170.88     170.881           0           0           0  35.0499   0.1330  0.0178  1.0000  0.0000    167130  0.8000
  0.00290    170.83     170.826           0           0           0  35.0499   0.1260  0.0250  1.0000  0.0000    168987  0.8000
  0.00232    170.78      170.78           0           0           0  35.0499   0.1082  0.0000  1.0000  0.0000    170844  0.8000
  0.00186    170.76     170.761           0           0           0  35.0499   0.1185  0.0189  1.0000  0.0000    172701  0.8000
  0.00148    170.75      170.75           0           0           0  35.0499   0.1147  0.0000  1.0000  0.0000    174558  0.8000
  0.00119    170.75      170.75           0           0           0  35.0499   0.1233  0.0000  1.0000  0.0000    176415  0.8000
  0.00095    170.75      170.75           0           0           0  35.0499   0.1195  0.0040  1.0000  0.0000    178272  0.8000
  0.00076    170.75      170.75           0           0           0  35.0499   0.1131  0.0061  1.0000  0.0000    180129  0.8000
  0.00000    170.75     170.749           0           0           0            0.1152  0.0096  1.0000  0.0000    181986
