 32.50789    354.92      354.92           0           0           0  14.2919   0.9974  3.7402 18.0000  0.0000      6511  0.5000
 16.25394    351.29     351.288           0           0           0  14.2919   0.9939  4.2443 18.0000  0.0000     13022  0.5000
  8.12697    352.63     352.625           0           0           0  14.2919   0.9859  4.2861 18.0000  0.0000     19533  0.5000
  4.06349    347.85      347.85           0           0           0  14.2919   0.9753  3.9701 18.0000  0.0000     26044  0.5000
  2.03174    345.42     345.419           0           0           0  14.2919   0.9485  4.5980 18.0000  0.0000     32555  0.9000
  1.82857    346.59      346.59           0           0           0  14.2919   0.9479  5.3006 18.0000  0.0000     39066  0.9000
  1.64571       345     344.998           0           0           0  14.2919   0.9439  3.6562 18.0000  0.0000     45577  0.9000
  1.48114    339.72     339.724           0           0           0  14.2919   0.9337  4.0619 18.0000  0.0000     52088  0.9000
  1.33303    338.05     338.047           0           0           0  14.2919   0.9283  4.8067 18.0000  0.0000     58599  0.9000
  1.19972    337.54     337.537           0           0           0  14.2919   0.9171  2.6127 18.0000  0.0000     65110  0.9000
  1.07975    333.71     333.713           0           0           0  14.2919   0.9043  5.1949 18.0000  0.0000     71621  0.9000
  0.97178    332.15     332.154           0           0           0  14.2919   0.8954  3.2333 18.0000  0.0000     78132  0.9000
  0.87460    328.02     328.018           0           0           0  14.2919   0.8902  4.4780 18.0000  0.0000     84643  0.9000
  0.78714    326.84      326.84           0           0           0  14.2919   0.8754  5.9839 18.0000  0.0000     91154  0.9000
  0.70842    327.79     327.789           0           0           0  14.2919   0.8714  2.9737 18.0000  0.0000     97665  0.9000
  0.63758     318.1       318.1           0           0           0  14.2919   0.8438  6.1215 18.0000  0.0000    104176  0.9000
  0.57382     307.9       307.9           0           0           0  14.2919   0.8214  6.6371 18.0000  0.0000    110687  0.9000
  0.51644    317.72     317.715           0           0           0  14.2919   0.8251  4.4932 18.0000  0.0000    117198  0.9000
  0.46480    309.31     309.315           0           0           0  14.2919   0.8056  8.1226 18.0000  0.0000    123709  0.9000
  0.41832    299.45     299.454           0           0           0  14.2919   0.7838  4.7776 18.0000  0.0000    130220  0.9500
  0.39740    290.97     290.975           0           0           0  14.2919   0.7701  3.4296 18.0000  0.0000    136731  0.9500
  0.37753    286.91     286.912           0           0           0  14.2919   0.7472  3.1751 18.0000  0.0000    143242  0.9500
  0.35866    286.67     286.671           0           0           0  14.2919   0.7530  2.4859 18.0000  0.0000    149753  0.9500
  0.34072    277.21     277.214           0           0           0  14.2919   0.7409  1.9832 18.0000  0.0000    156264  0.9500
  0.32369    270.91     270.912           0           0           0  14.2919   0.7337  3.3575 18.0000  0.0000    162775  0.9500
  0.30750    267.66     267.661           0           0           0  14.2919   0.7197  1.7919 18.0000  0.0000    169286  0.9500
  0.29213    266.19     266.195           0           0           0  14.2919   0.7120  2.7596 18.0000  0.0000    175797  0.9500
  0.27752    265.05     265.046           0           0           0  14.2919   0.7100  1.5083 18.0000  0.0000    182308  0.9500
  0.26364     268.8     268.801           0           0           0  14.2919   0.6876  1.7849 18.0000  0.0000    188819  0.9500
  0.25046    262.53     262.527           0           0           0  14.2919   0.6859  4.3475 18.0000  0.0000    195330  0.9500
  0.23794    255.91     255.908           0           0           0  14.2919   0.6769  1.5686 18.0000  0.0000    201841  0.9500
  0.22604    254.52      254.52           0           0           0  14.2919   0.6593  1.1089 18.0000  0.0000    208352  0.9500
  0.21474    251.78      251.78           0           0           0  14.2919   0.6598  1.8853 18.0000  0.0000    214863  0.9500
  0.20400    246.79      246.79           0           0           0  14.2919   0.6417  1.8828 18.0000  0.0000    221374  0.9500
  0.19380    248.63     248.625           0           0           0  14.2919   0.6372  1.7261 18.0000  0.0000    227885  0.9500
  0.18411    244.46     244.463           0           0           0  14.2919   0.6236  2.1275 18.0000  0.0000    234396  0.9500
  0.17491    244.56     244.557           0           0           0  14.2919   0.6251  1.9655 18.0000  0.0000    240907  0.9500
  0.16616    245.88     245.879           0           0           0  14.2919   0.6107  1.0679 18.0000  0.0000    247418  0.9500
  0.15785    241.07     241.065           0           0           0  14.2919   0.5971  2.5143 18.0000  0.0000    253929  0.9500
  0.14996    235.35     235.346           0           0           0  14.2919   0.5916  2.7718 18.0000  0.0000    260440  0.9500
  0.14246    232.42     232.423           0           0           0  14.2919   0.5640  2.1444 18.0000  0.0000    266951  0.9500
  0.13534    234.17     234.168           0           0           0  14.2919   0.5769  1.0416 18.0000  0.0000    273462  0.9500
  0.12857    232.96     232.963           0           0           0  14.2919   0.5578  0.7908 18.0000  0.0000    279973  0.9500
  0.12214    230.51     230.511           0           0           0  14.2919   0.5591  1.4235 18.0000  0.0000    286484  0.9500
  0.11604    229.53     229.525           0           0           0  14.2919   0.5425  0.9954 18.0000  0.0000    292995  0.9500
  0.11024    226.68     226.681           0           0           0  14.2919   0.5240  1.7097 18.0000  0.0000    299506  0.9500
  0.10472    223.97     223.967           0           0           0  14.2919   0.5088  1.4945 18.0000  0.0000    306017  0.9500
  0.09949    219.84     219.845           0           0           0  14.2919   0.4735  1.2588 18.0000  0.0000    312528  0.9500
  0.09451     219.4     219.396           0           0           0  14.2919   0.4972  1.2128 18.0000  0.0000    319039  0.9500
  0.08979    216.42     216.417           0           0           0  14.2919   0.4609  1.0707 18.0000  0.0000    325550  0.9500
  0.08530    215.66     215.657           0           0           0  14.2919   0.4575  0.9948 18.0000  0.0000    332061  0.9500
  0.08103    213.07     213.073           0           0           0  14.2919   0.4360  0.9676 18.0000  0.0000    338572  0.9500
  0.07698    210.17     210.171           0           0           0  14.2919   0.4700  0.6976 17.9286  0.0000    345083  0.9500
  0.07313    209.55     209.551           0           0           0  14.2919   0.4178  0.5571 18.0000  0.0000    351594  0.9500
  0.06948    208.19     208.194           0           0           0  14.2919   0.4340  0.6833 17.5996  0.0000    358105  0.9500
  0.06600    206.47     206.472           0           0           0  14.2919   0.4085  0.8539 17.4946  0.0000    364616  0.9500
  0.06270    206.52     206.518           0           0           0  14.2919   0.4311  0.6661 16.9442  0.0000    371127  0.9500
  0.05957    203.82     203.817           0           0           0  14.2919   0.4036  0.7529 16.7937  0.0000    377638  0.9500
  0.05659    202.09     202.092           0           0           0  14.2919   0.4002  1.1053 16.1828  0.0000    384149  0.9500
  0.05376       201     200.996           0           0           0  14.2919   0.3976  0.4557 15.5395  0.0000    390660  0.9500
  0.05107    199.68     199.684           0           0           0  14.2919   0.4176  0.5192 14.8811  0.0000    397171  0.9500
  0.04852    199.17     199.173           0           0           0  14.2919   0.4101  0.4763 14.5478  0.0000    403682  0.9500
  0.04609    196.69     196.685           0           0           0  14.2919   0.3734  1.5971 14.1125  0.0000    410193  0.9500
  0.04379    194.82     194.821           0           0           0  14.2919   0.3860  0.6196 13.1721  0.0000    416704  0.9500
  0.04160    194.69     194.691           0           0           0  14.2919   0.3958  0.4134 12.4603  0.0000    423215  0.9500
  0.03952    192.48      192.48           0           0           0  14.2919   0.3866  0.9511 11.9095  0.0000    429726  0.9500
  0.03754    191.07     191.066           0           0           0  14.2919   0.3903  0.5180 11.2732  0.0000    436237  0.9500
  0.03566    190.42     190.421           0           0           0  14.2919   0.3892  0.7930 10.7125  0.0000    442748  0.9500
  0.03388    188.64     188.645           0           0           0  14.2919   0.3853  0.4981 10.1682  0.0000    449259  0.9500
  0.03219    188.49     188.485           0           0           0  14.2919   0.4059  0.2983  9.6125  0.0000    455770  0.9500
  0.03058    187.71     187.707           0           0           0  14.2919   0.4018  0.5413  9.2850  0.0000    462281  0.9500
  0.02905    186.41     186.413           0           0           0  14.2919   0.4248  0.7053  8.9301  0.0000    468792  0.9500
  0.02760    184.99     184.987           0           0           0  14.2919   0.4041  0.4783  8.7946  0.0000    475303  0.9500
  0.02622    184.35     184.354           0           0           0  14.2919   0.3959  0.3020  8.4787  0.0000    481814  0.9500
  0.02491    182.77     182.775           0           0           0  14.2919   0.3663  0.4723  8.1052  0.0000    488325  0.9500
  0.02366     182.1     182.098           0           0           0  14.2919   0.3789  0.2800  7.5079  0.0000    494836  0.9500
  0.02248     181.8     181.799           0           0           0  14.2919   0.3818  0.3740  7.0491  0.0000    501347  0.9500
  0.02135       181     180.999           0           0           0  14.2919   0.3999  0.6263  6.6390  0.0000    507858  0.9500
  0.02029     179.9     179.905           0           0           0  14.2919   0.3838  0.3472  6.3730  0.0000    514369  0.9500
  0.01927     179.3     179.304           0           0           0  14.2919   0.3812  0.4047  6.0149  0.0000    520880  0.9500
  0.01831     178.2       178.2           0           0           0  14.2919   0.4067  0.4253  5.6612  0.0000    527391  0.9500
  0.01739    177.67     177.668           0           0           0  14.2919   0.3938  0.1839  5.4727  0.0000    533902  0.9500
  0.01652    177.02     177.023           0           0           0  14.2919   0.3896  0.2427  5.2198  0.0000    540413  0.9500
  0.01570    176.52     176.524           0           0           0  14.2919   0.4330  0.3365  4.9570  0.0000    546924  0.9500
  0.01491    176.65     176.645           0           0           0  14.2919   0.4271  0.1666  4.9221  0.0000    553435  0.9500
  0.01417    176.28     176.285           0           0           0  14.2919   0.4156  0.2675  4.8587  0.0000    559946  0.9500
  0.01346     175.1     175.104           0           0           0  14.2919   0.3993  0.2760  4.7402  0.0000    566457  0.9500
  0.01279    174.39     174.394           0           0           0  14.2919   0.3850  0.2420  4.5474  0.0000    572968  0.9500
  0.01215    173.75     173.754           0           0           0  14.2919   0.3609  0.1588  4.2975  0.0000    579479  0.9500
  0.01154    173.59     173.595           0           0           0  14.2919   0.4231  0.1346  3.9577  0.0000    585990  0.9500
  0.01096    172.89     172.893           0           0           0  14.2919   0.4047  0.3386  3.8909  0.0000    592501  0.9500
  0.01041    172.61      172.61           0           0           0  14.2919   0.4078  0.2141  3.7535  0.0000    599012  0.9500
  0.00989     172.4       172.4           0           0           0  14.2919   0.3912  0.1967  3.6326  0.0000    605523  0.9500
  0.00940    172.06     172.058           0           0           0  14.2919   0.3752  0.1089  3.4552  0.0000    612034  0.9500
  0.00893    171.76     171.757           0           0           0  14.2919   0.3709  0.1600  3.2314  0.0000    618545  0.9500
  0.00848    171.52     171.519           0           0           0  14.2919   0.3622  0.1348  3.0081  0.0000    625056  0.9500
  0.00806    171.33     171.327           0           0           0  14.2919   0.4013  0.1761  2.7740  0.0000    631567  0.9500
  0.00766    171.06      171.06           0           0           0  14.2919   0.3956  0.1187  2.6667  0.0000    638078  0.9500
  0.00727    170.95     170.953           0           0           0  14.2919   0.4024  0.0982  2.5484  0.0000    644589  0.9500
  0.00691     170.9     170.899           0           0           0  14.2919   0.3781  0.0946  2.4525  0.0000    651100  0.9500
  0.00656    170.49     170.486           0           0           0  14.2919   0.3775  0.1400  2.3008  0.0000    657611  0.9500
  0.00624    170.29     170.294           0           0           0  14.2919   0.3631  0.0780  2.1570  0.0000    664122  0.9500
  0.00592     170.1     170.104           0           0           0  14.2919   0.4652  0.1933  1.9911  0.0000    670633  0.9500
  0.00563    169.78     169.782           0           0           0  14.2919   0.3382  0.1480  2.0413  0.0000    677144  0.9500
  0.00535    169.61     169.606           0           0           0  14.2919   0.4185  0.0537  1.8335  0.0000    683655  0.9500
  0.00508    169.55     169.555           0           0           0  14.2919   0.4095  0.0776  1.7941  0.0000    690166  0.9500
  0.00482    169.42     169.424           0           0           0  14.2919   0.4001  0.0448  1.7393  0.0000    696677  0.9500
  0.00458    169.38     169.377           0           0           0  14.2919   0.4013  0.0602  1.6699  0.0000    703188  0.9500
  0.00435    169.31     169.306           0           0           0  14.2919   0.3870  0.0560  1.6053  0.0000    709699  0.9500
  0.00414     169.1     169.103           0           0           0  14.2919   0.3830  0.0709  1.5203  0.0000    716210  0.9500
  0.00393    169.03     169.032           0           0           0  14.2919   0.3600  0.0475  1.4337  0.0000    722721  0.9500
  0.00373    168.93     168.933           0           0           0  14.2919   0.3556  0.0458  1.3190  0.0000    729232  0.9500
  0.00355    168.86     168.864           0           0           0  14.2919   0.3655  0.0386  1.2076  0.0000    735743  0.9500
  0.00337    168.78     168.779           0           0           0  14.2919   0.3400  0.0283  1.1177  0.0000    742254  0.9500
  0.00320    168.68     168.683           0           0           0  14.2919   0.3330  0.0237  1.0060  0.0000    748765  0.9500
  0.00304    168.68     168.685           0           0           0  14.2919   0.3347  0.0319  1.0000  0.0000    755276  0.9500
  0.00289    168.63     168.626           0           0           0  14.2919   0.3328  0.0327  1.0000  0.0000    761787  0.9500
  0.00274     168.6     168.595           0           0           0  14.2919   0.3311  0.0457  1.0000  0.0000    768298  0.9500
  0.00261    168.51     168.511           0           0           0  14.2919   0.3104  0.0240  1.0000  0.0000    774809  0.9500
  0.00248    168.51     168.511           0           0           0  14.2919   0.3082  0.0194  1.0000  0.0000    781320  0.9500
  0.00235     168.5       168.5           0           0           0  14.2919   0.3049  0.0182  1.0000  0.0000    787831  0.9500
  0.00224    168.49     168.493           0           0           0  14.2919   0.2958  0.0199  1.0000  0.0000    794342  0.9500
  0.00212    168.46     168.463           0           0           0  14.2919   0.3075  0.0208  1.0000  0.0000    800853  0.9500
  0.00202    168.45     168.446           0           0           0  14.2919   0.2858  0.0110  1.0000  0.0000    807364  0.9500
  0.00192    168.41     168.407           0           0           0  14.2919   0.2989  0.0125  1.0000  0.0000    813875  0.9500
  0.00182    168.39     168.392           0           0           0  14.2919   0.2927  0.0201  1.0000  0.0000    820386  0.9500
  0.00173    168.38      168.38           0           0           0  14.2919   0.2872  0.0146  1.0000  0.0000    826897  0.9500
  0.00164    168.37      168.37           0           0           0  14.2919   0.2909  0.0147  1.0000  0.0000    833408  0.9500
  0.00156    168.35     168.352           0           0           0  14.2919   0.2795  0.0042  1.0000  0.0000    839919  0.9500
  0.00148    168.33     168.327           0           0           0  14.2919   0.2863  0.0199  1.0000  0.0000    846430  0.9500
  0.00141    168.32     168.319           0           0           0  14.2919   0.2780  0.0000  1.0000  0.0000    852941  0.9500
  0.00134    168.32     168.317           0           0           0  14.2919   0.2780  0.0000  1.0000  0.0000    859452  0.9500
  0.00127    168.31     168.311           0           0           0  14.2919   0.2760  0.0040  1.0000  0.0000    865963  0.9500
  0.00121    168.31     168.307           0           0           0  14.2919   0.2657  0.0000  1.0000  0.0000    872474  0.9500
  0.00115     168.3     168.303           0           0           0  14.2919   0.2717  0.0129  1.0000  0.0000    878985  0.9500
  0.00109    168.29     168.294           0           0           0  14.2919   0.2679  0.0000  1.0000  0.0000    885496  0.9500
  0.00104    168.29     168.294           0           0           0  14.2919   0.2686  0.0000  1.0000  0.0000    892007  0.9500
  0.00098    168.29     168.291           0           0           0  14.2919   0.2838  0.0108  1.0000  0.0000    898518  0.9500
  0.00093    168.29     168.286           0           0           0  14.2919   0.2763  0.0000  1.0000  0.0000    905029  0.9500
  0.00089    168.28     168.285           0           0           0  14.2919   0.2755  0.0103  1.0000  0.0000    911540  0.9500
  0.00084    168.28     168.282           0           0           0  14.2919   0.2778  0.0135  1.0000  0.0000    918051  0.9500
  0.00080    168.29     168.285           0           0           0  14.2919   0.2751  0.0026  1.0000  0.0000    924562  0.9500
  0.00076    168.28     168.282           0           0           0  14.2919   0.2679  0.0071  1.0000  0.0000    931073  0.9500
  0.00072    168.28     168.281           0           0           0  14.2919   0.2594  0.0000  1.0000  0.0000    937584  0.9500
  0.00069    168.27     168.271           0           0           0  14.2919   0.2675  0.0000  1.0000  0.0000    944095  0.9500
  0.00065    168.27     168.271           0           0           0  14.2919   0.2725  0.0000  1.0000  0.0000    950606  0.9500
  0.00062    168.27     168.274           0           0           0  14.2919   0.2757  0.0151  1.0000  0.0000    957117  0.9500
  0.00059    168.27     168.268           0           0           0  14.2919   0.2781  0.0000  1.0000  0.0000    963628  0.9500
  0.00056    168.27      168.27           0           0           0  14.2919   0.2743  0.0000  1.0000  0.0000    970139  0.9500
  0.00053    168.27     168.269           0           0           0  14.2919   0.2817  0.0000  1.0000  0.0000    976650  0.9500
  0.00051    168.27     168.267           0           0           0  14.2919   0.2774  0.0000  1.0000  0.0000    983161  0.9500
  0.00048    168.27     168.266           0           0           0  14.2919   0.2694  0.0169  1.0000  0.0000    989672  0.9500
  0.00046    168.26     168.264           0           0           0  14.2919   0.2616  0.0000  1.0000  0.0000    996183  0.9500
  0.00043    168.26     168.264           0           0           0  14.2919   0.2663  0.0000  1.0000  0.0000   1002694  0.9500
  0.00000    168.26     168.261           0           0           0            0.1576  0.0000  1.0000  0.0000   1009205

