 69.56625    356.87     356.873           0           0           0  14.2919   0.9988  4.5253 18.0000  0.0000      6511  0.5000
 34.78313    356.85     356.851           0           0           0  14.2919   0.9971  4.1161 18.0000  0.0000     13022  0.5000
 17.39156    356.11     356.115           0           0           0  14.2919   0.9948  4.6350 18.0000  0.0000     19533  0.5000
  8.69578    350.45     350.446           0           0           0  14.2919   0.9889  2.9327 18.0000  0.0000     26044  0.5000
  4.34789    348.78     348.783           0           0           0  14.2919   0.9770  3.6496 18.0000  0.0000     32555  0.5000
  2.17395    346.65     346.653           0           0           0  14.2919   0.9550  3.6413 18.0000  0.0000     39066  0.9000
  1.95655    340.14     340.143           0           0           0  14.2919   0.9502  3.9325 18.0000  0.0000     45577  0.9000
  1.76090    340.16     340.164           0           0           0  14.2919   0.9446  4.1998 18.0000  0.0000     52088  0.9000
  1.58481    342.95     342.955           0           0           0  14.2919   0.9438  2.8140 18.0000  0.0000     58599  0.9000
  1.42633    339.13     339.128           0           0           0  14.2919   0.9304  3.9510 18.0000  0.0000     65110  0.9000
  1.28369    336.57     336.574           0           0           0  14.2919   0.9183  3.9386 18.0000  0.0000     71621  0.9000
  1.15532    334.56     334.564           0           0           0  14.2919   0.9108  6.7455 18.0000  0.0000     78132  0.9000
  1.03979    333.72      333.72           0           0           0  14.2919   0.9029  4.2810 18.0000  0.0000     84643  0.9000
  0.93581    331.52     331.519           0           0           0  14.2919   0.8910  3.1265 18.0000  0.0000     91154  0.9000
  0.84223    329.61     329.614           0           0           0  14.2919   0.8842  4.6766 18.0000  0.0000     97665  0.9000
  0.75801    330.51     330.512           0           0           0  14.2919   0.8774  4.0168 18.0000  0.0000    104176  0.9000
  0.68221    326.07     326.069           0           0           0  14.2919   0.8612  3.7270 18.0000  0.0000    110687  0.9000
  0.61399    322.01     322.005           0           0           0  14.2919   0.8435  4.5484 18.0000  0.0000    117198  0.9000
  0.55259    315.24     315.238           0           0           0  14.2919   0.8320  3.4546 18.0000  0.0000    123709  0.9000
  0.49733    303.15     303.153           0           0           0  14.2919   0.8006  4.3045 18.0000  0.0000    130220  0.9000
  0.44760    296.97     296.965           0           0           0  14.2919   0.7848  3.5370 18.0000  0.0000    136731  0.9500
  0.42522    293.35     293.347           0           0           0  14.2919   0.7864  3.3900 18.0000  0.0000    143242  0.9500
  0.40396    286.11     286.113           0           0           0  14.2919   0.7699  3.8625 18.0000  0.0000    149753  0.9500
  0.38376    286.27     286.275           0           0           0  14.2919   0.7622  3.5319 18.0000  0.0000    156264  0.9500
  0.36457    278.23     278.232           0           0           0  14.2919   0.7325  3.0752 18.0000  0.0000    162775  0.9500
  0.34634    276.71     276.705           0           0           0  14.2919   0.7328  1.9146 18.0000  0.0000    169286  0.9500
  0.32902    277.21     277.206           0           0           0  14.2919   0.7183  2.6048 18.0000  0.0000    175797  0.9500
  0.31257    275.54     275.535           0           0           0  14.2919   0.7263  3.3575 18.0000  0.0000    182308  0.9500
  0.29694    273.02     273.016           0           0           0  14.2919   0.7149  2.5796 18.0000  0.0000    188819  0.9500
  0.28210     268.5     268.502           0           0           0  14.2919   0.7014  4.0873 18.0000  0.0000    195330  0.9500
  0.26799    263.62      263.62           0           0           0  14.2919   0.6887  1.8825 18.0000  0.0000    201841  0.9500
  0.25459     262.6     262.596           0           0           0  14.2919   0.6918  2.5009 18.0000  0.0000    208352  0.9500
  0.24186    260.51     260.511           0           0           0  14.2919   0.6924  1.4956 18.0000  0.0000    214863  0.9500
  0.22977    258.92     258.917           0           0           0  14.2919   0.6730  2.1818 18.0000  0.0000    221374  0.9500
  0.21828    258.48     258.478           0           0           0  14.2919   0.6672  2.7299 18.0000  0.0000    227885  0.9500
  0.20737    253.98      253.98           0           0           0  14.2919   0.6500  1.8269 18.0000  0.0000    234396  0.9500
  0.19700    250.96     250.959           0           0           0  14.2919   0.6397  1.8613 18.0000  0.0000    240907  0.9500
  0.18715    247.36     247.359           0           0           0  14.2919   0.6292  1.3612 18.0000  0.0000    247418  0.9500
  0.17779     245.5     245.498           0           0           0  14.2919   0.6251  1.7594 18.0000  0.0000    253929  0.9500
  0.16890    241.76     241.758           0           0           0  14.2919   0.6045  1.0438 18.0000  0.0000    260440  0.9500
  0.16046    241.34     241.336           0           0           0  14.2919   0.5982  1.7568 18.0000  0.0000    266951  0.9500
  0.15243    239.15     239.146           0           0           0  14.2919   0.5858  1.2489 18.0000  0.0000    273462  0.9500
  0.14481    236.16     236.161           0           0           0  14.2919   0.5772  2.2026 18.0000  0.0000    279973  0.9500
  0.13757    233.33     233.327           0           0           0  14.2919   0.5796  1.5613 18.0000  0.0000    286484  0.9500
  0.13069    233.34     233.337           0           0           0  14.2919   0.5535  1.4859 18.0000  0.0000    292995  0.9500
  0.12416     229.3     229.298           0           0           0  14.2919   0.5552  0.8031 18.0000  0.0000    299506  0.9500
  0.11795    225.85      225.85           0           0           0  14.2919   0.5399  1.1657 18.0000  0.0000    306017  0.9500
  0.11205    223.33     223.334           0           0           0  14.2919   0.5099  1.2019 18.0000  0.0000    312528  0.9500
  0.10645    223.33     223.326           0           0           0  14.2919   0.4947  1.3360 18.0000  0.0000    319039  0.9500
  0.10113     222.9     222.896           0           0           0  14.2919   0.5028  1.2625 18.0000  0.0000    325550  0.9500
  0.09607    219.63     219.635           0           0           0  14.2919   0.4700  0.6868 18.0000  0.0000    332061  0.9500
  0.09127    218.52     218.524           0           0           0  14.2919   0.4595  1.1549 18.0000  0.0000    338572  0.9500
  0.08670    217.77     217.773           0           0           0  14.2919   0.4549  0.7383 18.0000  0.0000    345083  0.9500
  0.08237    213.98     213.979           0           0           0  14.2919   0.4236  0.9687 18.0000  0.0000    351594  0.9500
  0.07825     211.8     211.795           0           0           0  14.2919   0.4465  0.8037 17.7046  0.0000    358105  0.9500
  0.07434    210.64     210.642           0           0           0  14.2919   0.4382  0.9391 17.8193  0.0000    364616  0.9500
  0.07062    211.12     211.124           0           0           0  14.2919   0.4293  0.9776 17.7869  0.0000    371127  0.9500
  0.06709    208.55     208.547           0           0           0  14.2919   0.3982  0.9322 17.5961  0.0000    377638  0.9500
  0.06374    207.57     207.565           0           0           0  14.2919   0.4073  0.7916 16.8614  0.0000    384149  0.9500
  0.06055    206.51     206.511           0           0           0  14.2919   0.4038  0.8881 16.3102  0.0000    390660  0.9500
  0.05752    202.51     202.505           0           0           0  14.2919   0.4032  1.2075 15.7195  0.0000    397171  0.9500
  0.05465    201.92     201.921           0           0           0  14.2919   0.3892  0.6006 15.1404  0.0000    403682  0.9500
  0.05191       201     201.002           0           0           0  14.2919   0.3963  0.5923 14.3711  0.0000    410193  0.9500
  0.04932    198.55     198.551           0           0           0  14.2919   0.3967  0.8380 13.7424  0.0000    416704  0.9500
  0.04685    197.58     197.577           0           0           0  14.2919   0.3973  0.5901 13.1475  0.0000    423215  0.9500
  0.04451    196.31     196.314           0           0           0  14.2919   0.3992  0.8911 12.5865  0.0000    429726  0.9500
  0.04228    194.39     194.391           0           0           0  14.2919   0.3900  0.7576 12.0726  0.0000    436237  0.9500
  0.04017    193.75     193.752           0           0           0  14.2919   0.4122  0.5108 11.4684  0.0000    442748  0.9500
  0.03816    192.82     192.824           0           0           0  14.2919   0.3810  0.2809 11.1499  0.0000    449259  0.9500
  0.03625    192.34     192.336           0           0           0  14.2919   0.4039  0.6640 10.4926  0.0000    455770  0.9500
  0.03444    190.08     190.084           0           0           0  14.2919   0.3896  0.6042 10.1141  0.0000    462281  0.9500
  0.03272     188.8     188.798           0           0           0  14.2919   0.3966  0.3080  9.6049  0.0000    468792  0.9500
  0.03108     188.3     188.304           0           0           0  14.2919   0.3872  0.5740  9.1876  0.0000    475303  0.9500
  0.02953     187.4       187.4           0           0           0  14.2919   0.4070  0.4349  8.7024  0.0000    481814  0.9500
  0.02805    186.04     186.041           0           0           0  14.2919   0.3826  0.6273  8.4153  0.0000    488325  0.9500
  0.02665    186.23     186.228           0           0           0  14.2919   0.4176  0.3504  7.9321  0.0000    494836  0.9500
  0.02532    184.93     184.934           0           0           0  14.2919   0.4068  0.2763  7.7544  0.0000    501347  0.9500
  0.02405    183.95     183.953           0           0           0  14.2919   0.4022  0.5021  7.4974  0.0000    507858  0.9500
  0.02285    183.35     183.345           0           0           0  14.2919   0.3827  0.2742  7.2143  0.0000    514369  0.9500
  0.02171    182.54     182.544           0           0           0  14.2919   0.4193  0.4185  6.8012  0.0000    520880  0.9500
  0.02062    181.49     181.492           0           0           0  14.2919   0.3987  0.2638  6.6603  0.0000    527391  0.9500
  0.01959    180.72     180.721           0           0           0  14.2919   0.3946  0.3904  6.3853  0.0000    533902  0.9500
  0.01861    179.91     179.909           0           0           0  14.2919   0.3787  0.3533  6.0952  0.0000    540413  0.9500
  0.01768     179.2     179.201           0           0           0  14.2919   0.4070  0.2590  5.7218  0.0000    546924  0.9500
  0.01680    177.97     177.972           0           0           0  14.2919   0.3872  0.4668  5.5330  0.0000    553435  0.9500
  0.01596    177.27     177.266           0           0           0  14.2919   0.3837  0.2413  5.2408  0.0000    559946  0.9500
  0.01516    176.45     176.453           0           0           0  14.2919   0.4165  0.1811  4.9456  0.0000    566457  0.9500
  0.01440     175.7     175.697           0           0           0  14.2919   0.4058  0.2754  4.8295  0.0000    572968  0.9500
  0.01368    174.82     174.816           0           0           0  14.2919   0.3949  0.1779  4.6642  0.0000    579479  0.9500
  0.01300    174.63      174.63           0           0           0  14.2919   0.3975  0.1866  4.4537  0.0000    585990  0.9500
  0.01235    174.02     174.023           0           0           0  14.2919   0.3691  0.1859  4.2643  0.0000    592501  0.9500
  0.01173    174.11     174.113           0           0           0  14.2919   0.4273  0.1722  3.9618  0.0000    599012  0.9500
  0.01114    173.22     173.224           0           0           0  14.2919   0.3898  0.3632  3.9114  0.0000    605523  0.9500
  0.01059    172.97     172.971           0           0           0  14.2919   0.3996  0.1286  3.7151  0.0000    612034  0.9500
  0.01006    172.65     172.646           0           0           0  14.2919   0.3887  0.1538  3.5651  0.0000    618545  0.9500
  0.00955    172.25     172.252           0           0           0  14.2919   0.3804  0.1365  3.3823  0.0000    625056  0.9500
  0.00908    172.03     172.028           0           0           0  14.2919   0.3635  0.2391  3.1808  0.0000    631567  0.9500
  0.00862    171.85      171.85           0           0           0  14.2919   0.4267  0.1047  2.9376  0.0000    638078  0.9500
  0.00819    171.46     171.465           0           0           0  14.2919   0.4165  0.2827  2.8985  0.0000    644589  0.9500
  0.00778    171.14     171.139           0           0           0  14.2919   0.4092  0.1295  2.8304  0.0000    651100  0.9500
  0.00739    171.16     171.158           0           0           0  14.2919   0.4156  0.0544  2.7431  0.0000    657611  0.9500
  0.00702    170.79     170.794           0           0           0  14.2919   0.3953  0.1651  2.6762  0.0000    664122  0.9500
  0.00667    170.71     170.711           0           0           0  14.2919   0.3729  0.0965  2.5566  0.0000    670633  0.9500
  0.00634     170.6     170.599           0           0           0  14.2919   0.3663  0.0836  2.3851  0.0000    677144  0.9500
  0.00602     170.3     170.301           0           0           0  14.2919   0.3552  0.0724  2.2093  0.0000    683655  0.9500
  0.00572     170.1     170.098           0           0           0  14.2919   0.3456  0.1128  2.0221  0.0000    690166  0.9500
  0.00543    169.81     169.807           0           0           0  14.2919   0.4088  0.0600  1.8311  0.0000    696677  0.9500
  0.00516    169.61     169.614           0           0           0  14.2919   0.3979  0.1098  1.7741  0.0000    703188  0.9500
  0.00490    169.45     169.446           0           0           0  14.2919   0.3913  0.0633  1.6995  0.0000    709699  0.9500
  0.00466    169.32     169.318           0           0           0  14.2919   0.3840  0.0404  1.6168  0.0000    716210  0.9500
  0.00443    169.43     169.427           0           0           0  14.2919   0.3843  0.0742  1.5262  0.0000    722721  0.9500
  0.00420    169.34     169.343           0           0           0  14.2919   0.3892  0.0970  1.4411  0.0000    729232  0.9500
  0.00399    169.19     169.189           0           0           0  14.2919   0.3689  0.0320  1.3679  0.0000    735743  0.9500
  0.00379    169.04     169.043           0           0           0  14.2919   0.3446  0.0294  1.2707  0.0000    742254  0.9500
  0.00360    168.95     168.949           0           0           0  14.2919   0.3328  0.0534  1.1495  0.0000    748765  0.9500
  0.00342    168.92     168.924           0           0           0  14.2919   0.3403  0.0257  1.0263  0.0000    755276  0.9500
  0.00325    168.88      168.88           0           0           0  14.2919   0.3296  0.0422  1.0000  0.0000    761787  0.9500
  0.00309    168.73      168.73           0           0           0  14.2919   0.3253  0.0400  1.0000  0.0000    768298  0.9500
  0.00294    168.71     168.708           0           0           0  14.2919   0.3153  0.0168  1.0000  0.0000    774809  0.9500
  0.00279    168.64     168.635           0           0           0  14.2919   0.3172  0.0248  1.0000  0.0000    781320  0.9500
  0.00265    168.54     168.537           0           0           0  14.2919   0.2949  0.0499  1.0000  0.0000    787831  0.9500
  0.00252    168.49     168.495           0           0           0  14.2919   0.3043  0.0205  1.0000  0.0000    794342  0.9500
  0.00239    168.54     168.541           0           0           0  14.2919   0.2943  0.0164  1.0000  0.0000    800853  0.9500
  0.00227     168.5       168.5           0           0           0  14.2919   0.3039  0.0248  1.0000  0.0000    807364  0.9500
  0.00216    168.44     168.442           0           0           0  14.2919   0.2923  0.0170  1.0000  0.0000    813875  0.9500
  0.00205    168.43     168.425           0           0           0  14.2919   0.2783  0.0175  1.0000  0.0000    820386  0.9500
  0.00195    168.41     168.407           0           0           0  14.2919   0.2798  0.0096  1.0000  0.0000    826897  0.9500
  0.00185    168.43     168.426           0           0           0  14.2919   0.2786  0.0113  1.0000  0.0000    833408  0.9500
  0.00176    168.41     168.406           0           0           0  14.2919   0.2740  0.0278  1.0000  0.0000    839919  0.9500
  0.00167    168.39     168.386           0           0           0  14.2919   0.2872  0.0144  1.0000  0.0000    846430  0.9500
  0.00159    168.35     168.346           0           0           0  14.2919   0.2777  0.0181  1.0000  0.0000    852941  0.9500
  0.00151    168.31     168.306           0           0           0  14.2919   0.2772  0.0170  1.0000  0.0000    859452  0.9500
  0.00143    168.28     168.284           0           0           0  14.2919   0.2654  0.0028  1.0000  0.0000    865963  0.9500
  0.00136    168.29     168.287           0           0           0  14.2919   0.2769  0.0000  1.0000  0.0000    872474  0.9500
  0.00129    168.28     168.276           0           0           0  14.2919   0.2671  0.0024  1.0000  0.0000    878985  0.9500
  0.00123    168.26     168.264           0           0           0  14.2919   0.2643  0.0000  1.0000  0.0000    885496  0.9500
  0.00117    168.27     168.266           0           0           0  14.2919   0.2699  0.0000  1.0000  0.0000    892007  0.9500
  0.00111    168.27     168.267           0           0           0  14.2919   0.2675  0.0054  1.0000  0.0000    898518  0.9500
  0.00105    168.26     168.263           0           0           0  14.2919   0.2703  0.0000  1.0000  0.0000    905029  0.9500
  0.00100    168.26     168.264           0           0           0  14.2919   0.2457  0.0000  1.0000  0.0000    911540  0.9500
  0.00095    168.26     168.263           0           0           0  14.2919   0.2617  0.0000  1.0000  0.0000    918051  0.9500
  0.00090    168.26      168.26           0           0           0  14.2919   0.2626  0.0000  1.0000  0.0000    924562  0.9500
  0.00086    168.26     168.261           0           0           0  14.2919   0.2619  0.0112  1.0000  0.0000    931073  0.9500
  0.00081    168.26     168.258           0           0           0  14.2919   0.2620  0.0000  1.0000  0.0000    937584  0.9500
  0.00077    168.25     168.254           0           0           0  14.2919   0.2560  0.0089  1.0000  0.0000    944095  0.9500
  0.00074    168.23     168.231           0           0           0  14.2919   0.2579  0.0152  1.0000  0.0000    950606  0.9500
  0.00070    168.22      168.22           0           0           0  14.2919   0.2516  0.0000  1.0000  0.0000    957117  0.9500
  0.00066    168.22     168.221           0           0           0  14.2919   0.2531  0.0119  1.0000  0.0000    963628  0.9500
  0.00063    168.22     168.223           0           0           0  14.2919   0.2480  0.0197  1.0000  0.0000    970139  0.9500
  0.00060    168.22     168.218           0           0           0  14.2919   0.2525  0.0000  1.0000  0.0000    976650  0.9500
  0.00057    168.22     168.219           0           0           0  14.2919   0.2528  0.0123  1.0000  0.0000    983161  0.9500
  0.00054    168.22      168.22           0           0           0  14.2919   0.2533  0.0000  1.0000  0.0000    989672  0.9500
  0.00051    168.22     168.219           0           0           0  14.2919   0.2571  0.0000  1.0000  0.0000    996183  0.9500
  0.00049    168.22     168.218           0           0           0  14.2919   0.2588  0.0000  1.0000  0.0000   1002694  0.9500
  0.00046    168.22     168.217           0           0           0  14.2919   0.2576  0.0000  1.0000  0.0000   1009205  0.9500
  0.00044    168.22     168.218           0           0           0  14.2919   0.2525  0.0119  1.0000  0.0000   1015716  0.9500
  0.00000    168.22     168.217           0           0           0            0.1471  0.0000  1.0000  0.0000   1022227

