 59.74817     354.9     354.902           0           0           0  14.2919   0.9982  4.0319 18.0000  0.0000      6511  0.5000
 29.87408    354.57     354.574           0           0           0  14.2919   0.9983  4.2070 18.0000  0.0000     13022  0.5000
 14.93704    353.54     353.545           0           0           0  14.2919   0.9945  4.0661 18.0000  0.0000     19533  0.5000
  7.46852    354.17     354.167           0           0           0  14.2919   0.9891  4.1057 18.0000  0.0000     26044  0.5000
  3.73426    346.11     346.106           0           0           0  14.2919   0.9754  3.5536 18.0000  0.0000     32555  0.5000
  1.86713    342.96     342.956           0           0           0  14.2919   0.9450  4.0982 18.0000  0.0000     39066  0.9000
  1.68042    342.64     342.639           0           0           0  14.2919   0.9404  4.0751 18.0000  0.0000     45577  0.9000
  1.51238    340.86     340.856           0           0           0  14.2919   0.9326  3.8385 18.0000  0.0000     52088  0.9000
  1.36114    338.22     338.221           0           0           0  14.2919   0.9286  3.3342 18.0000  0.0000     58599  0.9000
  1.22502    334.59     334.594           0           0           0  14.2919   0.9174  5.2548 18.0000  0.0000     65110  0.9000
  1.10252    335.06     335.058           0           0           0  14.2919   0.9091  4.8760 18.0000  0.0000     71621  0.9000
  0.99227    336.06     336.062           0           0           0  14.2919   0.9103  4.4247 18.0000  0.0000     78132  0.9000
  0.89304    331.79     331.793           0           0           0  14.2919   0.8957  2.9750 18.0000  0.0000     84643  0.9000
  0.80374    327.53     327.525           0           0           0  14.2919   0.8857  3.1001 18.0000  0.0000     91154  0.9000
  0.72336    324.99     324.992           0           0           0  14.2919   0.8595  3.8948 18.0000  0.0000     97665  0.9000
  0.65103    324.49     324.494           0           0           0  14.2919   0.8599  5.1329 18.0000  0.0000    104176  0.9000
  0.58593    317.05     317.054           0           0           0  14.2919   0.8343  5.4822 18.0000  0.0000    110687  0.9000
  0.52733     306.7     306.699           0           0           0  14.2919   0.8135  4.0189 18.0000  0.0000    117198  0.9000
  0.47460    301.67     301.673           0           0           0  14.2919   0.7922  4.3034 18.0000  0.0000    123709  0.9500
  0.45087    301.06     301.064           0           0           0  14.2919   0.7939  2.5720 18.0000  0.0000    130220  0.9500
  0.42833    303.21     303.213           0           0           0  14.2919   0.7943  2.9700 18.0000  0.0000    136731  0.9500
  0.40691    293.88     293.877           0           0           0  14.2919   0.7721  4.1404 18.0000  0.0000    143242  0.9500
  0.38656    289.79     289.794           0           0           0  14.2919   0.7665  3.8628 18.0000  0.0000    149753  0.9500
  0.36724    287.82     287.822           0           0           0  14.2919   0.7629  2.4464 18.0000  0.0000    156264  0.9500
  0.34887    282.62     282.623           0           0           0  14.2919   0.7403  4.9147 18.0000  0.0000    162775  0.9500
  0.33143     275.3     275.298           0           0           0  14.2919   0.7381  2.5973 18.0000  0.0000    169286  0.9500
  0.31486    274.03     274.028           0           0           0  14.2919   0.7208  2.0624 18.0000  0.0000    175797  0.9500
  0.29912    271.29     271.294           0           0           0  14.2919   0.7100  2.3574 18.0000  0.0000    182308  0.9500
  0.28416    271.75     271.747           0           0           0  14.2919   0.7060  2.3787 18.0000  0.0000    188819  0.9500
  0.26995     270.8     270.797           0           0           0  14.2919   0.7074  3.9961 18.0000  0.0000    195330  0.9500
  0.25645    263.23     263.229           0           0           0  14.2919   0.6870  2.2924 18.0000  0.0000    201841  0.9500
  0.24363    256.81     256.814           0           0           0  14.2919   0.6818  2.1908 18.0000  0.0000    208352  0.9500
  0.23145    252.97     252.969           0           0           0  14.2919   0.6719  1.5929 18.0000  0.0000    214863  0.9500
  0.21988    251.76     251.765           0           0           0  14.2919   0.6600  1.6886 18.0000  0.0000    221374  0.9500
  0.20888    250.43     250.431           0           0           0  14.2919   0.6593  1.4330 18.0000  0.0000    227885  0.9500
  0.19844    250.37     250.372           0           0           0  14.2919   0.6520  2.4229 18.0000  0.0000    234396  0.9500
  0.18852     248.1     248.103           0           0           0  14.2919   0.6460  3.7198 18.0000  0.0000    240907  0.9500
  0.17909    244.36     244.365           0           0           0  14.2919   0.6111  1.2923 18.0000  0.0000    247418  0.9500
  0.17014    246.44     246.437           0           0           0  14.2919   0.6289  1.8180 18.0000  0.0000    253929  0.9500
  0.16163    244.87     244.873           0           0           0  14.2919   0.6054  1.3975 18.0000  0.0000    260440  0.9500
  0.15355    241.26     241.257           0           0           0  14.2919   0.5984  1.6308 18.0000  0.0000    266951  0.9500
  0.14587    238.75     238.746           0           0           0  14.2919   0.5948  1.0867 18.0000  0.0000    273462  0.9500
  0.13858    236.04      236.04           0           0           0  14.2919   0.5922  1.1975 18.0000  0.0000    279973  0.9500
  0.13165    233.24      233.24           0           0           0  14.2919   0.5660  0.9501 18.0000  0.0000    286484  0.9500
  0.12507    233.28     233.279           0           0           0  14.2919   0.5601  1.2034 18.0000  0.0000    292995  0.9500
  0.11881    228.63     228.632           0           0           0  14.2919   0.5346  0.9296 18.0000  0.0000    299506  0.9500
  0.11287    225.51     225.508           0           0           0  14.2919   0.5256  1.8178 18.0000  0.0000    306017  0.9500
  0.10723    223.41     223.406           0           0           0  14.2919   0.5035  0.7758 18.0000  0.0000    312528  0.9500
  0.10187    222.44      222.44           0           0           0  14.2919   0.5061  0.8779 18.0000  0.0000    319039  0.9500
  0.09677    219.36     219.364           0           0           0  14.2919   0.4910  0.7799 18.0000  0.0000    325550  0.9500
  0.09194    217.76     217.763           0           0           0  14.2919   0.4769  0.7961 18.0000  0.0000    332061  0.9500
  0.08734    217.87     217.865           0           0           0  14.2919   0.4667  1.1385 18.0000  0.0000    338572  0.9500
  0.08297    216.55     216.554           0           0           0  14.2919   0.4515  1.0490 18.0000  0.0000    345083  0.9500
  0.07882    214.53     214.526           0           0           0  14.2919   0.4385  0.8294 18.0000  0.0000    351594  0.9500
  0.07488     212.6     212.597           0           0           0  14.2919   0.4437  1.1141 17.9728  0.0000    358105  0.9500
  0.07114    209.44     209.439           0           0           0  14.2919   0.3906  1.1534 18.0000  0.0000    364616  0.9500
  0.06758    206.55     206.552           0           0           0  14.2919   0.4316  0.7530 17.1103  0.0000    371127  0.9500
  0.06420    205.74      205.74           0           0           0  14.2919   0.4236  0.8497 16.9661  0.0000    377638  0.9500
  0.06099    204.04     204.045           0           0           0  14.2919   0.4021  1.3379 16.6877  0.0000    384149  0.9500
  0.05794    202.85     202.846           0           0           0  14.2919   0.3918  0.4335 16.0551  0.0000    390660  0.9500
  0.05505    201.77     201.766           0           0           0  14.2919   0.4118  0.6762 15.2812  0.0000    397171  0.9500
  0.05229    199.86      199.86           0           0           0  14.2919   0.4047  0.5724 14.8497  0.0000    403682  0.9500
  0.04968    198.29     198.288           0           0           0  14.2919   0.3949  1.0315 14.3255  0.0000    410193  0.9500
  0.04719    197.41     197.409           0           0           0  14.2919   0.4093  0.4106 13.6790  0.0000    416704  0.9500
  0.04483    197.05     197.046           0           0           0  14.2919   0.4042  0.5799 13.2592  0.0000    423215  0.9500
  0.04259    195.64     195.641           0           0           0  14.2919   0.4067  0.6929 12.7850  0.0000    429726  0.9500
  0.04046    193.45     193.446           0           0           0  14.2919   0.3913  0.3420 12.3592  0.0000    436237  0.9500
  0.03844    192.75     192.752           0           0           0  14.2919   0.4027  0.5743 11.7578  0.0000    442748  0.9500
  0.03652    191.68     191.679           0           0           0  14.2919   0.3883  0.5086 11.3193  0.0000    449259  0.9500
  0.03469       190     190.005           0           0           0  14.2919   0.4038  0.9046 10.7337  0.0000    455770  0.9500
  0.03296    187.78      187.78           0           0           0  14.2919   0.3746  0.5369 10.3449  0.0000    462281  0.9500
  0.03131    187.13     187.133           0           0           0  14.2919   0.3751  0.3945  9.6683  0.0000    468792  0.9500
  0.02974    186.82     186.817           0           0           0  14.2919   0.3835  0.2866  9.0404  0.0000    475303  0.9500
  0.02826    185.98     185.982           0           0           0  14.2919   0.3939  0.3036  8.5297  0.0000    481814  0.9500
  0.02684    184.41     184.409           0           0           0  14.2919   0.3849  0.6602  8.1369  0.0000    488325  0.9500
  0.02550    183.72     183.725           0           0           0  14.2919   0.4022  0.3393  7.6884  0.0000    494836  0.9500
  0.02423    182.84     182.843           0           0           0  14.2919   0.3869  0.5229  7.3981  0.0000    501347  0.9500
  0.02302    182.29     182.292           0           0           0  14.2919   0.3843  0.5398  7.0052  0.0000    507858  0.9500
  0.02186    181.83     181.828           0           0           0  14.2919   0.4179  0.2095  6.6148  0.0000    514369  0.9500
  0.02077    181.26     181.255           0           0           0  14.2919   0.4010  0.2230  6.4687  0.0000    520880  0.9500
  0.01973    181.08     181.082           0           0           0  14.2919   0.4076  0.1845  6.2165  0.0000    527391  0.9500
  0.01875    180.09     180.085           0           0           0  14.2919   0.3863  0.3831  6.0152  0.0000    533902  0.9500
  0.01781    179.29     179.294           0           0           0  14.2919   0.4095  0.3116  5.6920  0.0000    540413  0.9500
  0.01692    178.15     178.151           0           0           0  14.2919   0.4001  0.2431  5.5181  0.0000    546924  0.9500
  0.01607    177.77     177.774           0           0           0  14.2919   0.3883  0.1984  5.2979  0.0000    553435  0.9500
  0.01527    177.32     177.317           0           0           0  14.2919   0.3889  0.2301  5.0238  0.0000    559946  0.9500
  0.01451     176.8     176.804           0           0           0  14.2919   0.4104  0.3389  4.7670  0.0000    566457  0.9500
  0.01378    176.39     176.394           0           0           0  14.2919   0.3853  0.1273  4.6258  0.0000    572968  0.9500
  0.01309    176.23     176.231           0           0           0  14.2919   0.4009  0.4274  4.3730  0.0000    579479  0.9500
  0.01244    175.87     175.875           0           0           0  14.2919   0.3823  0.0793  4.2019  0.0000    585990  0.9500
  0.01181    175.48     175.477           0           0           0  14.2919   0.4239  0.2447  3.9593  0.0000    592501  0.9500
  0.01122    175.12     175.116           0           0           0  14.2919   0.4113  0.1069  3.8956  0.0000    599012  0.9500
  0.01066    174.73     174.728           0           0           0  14.2919   0.4036  0.1019  3.7838  0.0000    605523  0.9500
  0.01013    174.35     174.346           0           0           0  14.2919   0.3887  0.2803  3.6461  0.0000    612034  0.9500
  0.00962    174.11     174.106           0           0           0  14.2919   0.3843  0.0999  3.4592  0.0000    618545  0.9500
  0.00914    173.76     173.764           0           0           0  14.2919   0.3701  0.1302  3.2664  0.0000    625056  0.9500
  0.00868     173.4     173.395           0           0           0  14.2919   0.3494  0.1439  3.0382  0.0000    631567  0.9500
  0.00825    172.89     172.887           0           0           0  14.2919   0.4202  0.1466  2.7630  0.0000    638078  0.9500
  0.00784    172.88     172.884           0           0           0  14.2919   0.4155  0.0909  2.7083  0.0000    644589  0.9500
  0.00745    172.36     172.361           0           0           0  14.2919   0.3966  0.2048  2.6418  0.0000    651100  0.9500
  0.00707    172.02     172.021           0           0           0  14.2919   0.3686  0.0727  2.5271  0.0000    657611  0.9500
  0.00672    172.08     172.077           0           0           0  14.2919   0.3645  0.0878  2.3467  0.0000    664122  0.9500
  0.00638    171.91     171.913           0           0           0  14.2919   0.3500  0.1516  2.1694  0.0000    670633  0.9500
  0.00607    171.63     171.629           0           0           0  14.2919   0.4393  0.1204  1.9742  0.0000    677144  0.9500
  0.00576    171.48     171.484           0           0           0  14.2919   0.4420  0.1062  1.9727  0.0000    683655  0.9500
  0.00547    171.21     171.209           0           0           0  14.2919   0.4076  0.0695  1.9767  0.0000    690166  0.9500
  0.00520    171.21     171.208           0           0           0  14.2919   0.4085  0.1012  1.9127  0.0000    696677  0.9500
  0.00494    170.92     170.915           0           0           0  14.2919   0.3923  0.0512  1.8525  0.0000    703188  0.9500
  0.00469    170.72     170.719           0           0           0  14.2919   0.3749  0.0997  1.7641  0.0000    709699  0.9500
  0.00446    170.62     170.625           0           0           0  14.2919   0.3746  0.0373  1.6493  0.0000    716210  0.9500
  0.00424    170.53     170.531           0           0           0  14.2919   0.3661  0.0328  1.5414  0.0000    722721  0.9500
  0.00402    170.41      170.41           0           0           0  14.2919   0.3580  0.0516  1.4276  0.0000    729232  0.9500
  0.00382    170.42     170.418           0           0           0  14.2919   0.3671  0.0651  1.3105  0.0000    735743  0.9500
  0.00363    170.41     170.406           0           0           0  14.2919   0.3566  0.0495  1.2149  0.0000    742254  0.9500
  0.00345    170.32     170.322           0           0           0  14.2919   0.3388  0.0207  1.1136  0.0000    748765  0.9500
  0.00328    170.26     170.256           0           0           0  14.2919   0.3333  0.0877  1.0010  0.0000    755276  0.9500
  0.00311    170.16     170.159           0           0           0  14.2919   0.3264  0.0435  1.0000  0.0000    761787  0.9500
  0.00296    170.09     170.091           0           0           0  14.2919   0.3339  0.0401  1.0000  0.0000    768298  0.9500
  0.00281    170.04     170.043           0           0           0  14.2919   0.3417  0.0350  1.0000  0.0000    774809  0.9500
  0.00267    169.96     169.959           0           0           0  14.2919   0.3130  0.0308  1.0000  0.0000    781320  0.9500
  0.00254    169.87     169.865           0           0           0  14.2919   0.3092  0.0308  1.0000  0.0000    787831  0.9500
  0.00241    169.83     169.828           0           0           0  14.2919   0.2814  0.0179  1.0000  0.0000    794342  0.9500
  0.00229    169.84     169.844           0           0           0  14.2919   0.2895  0.0218  1.0000  0.0000    800853  0.9500
  0.00217    169.83     169.834           0           0           0  14.2919   0.2969  0.0058  1.0000  0.0000    807364  0.9500
  0.00207    169.82     169.823           0           0           0  14.2919   0.3026  0.0119  1.0000  0.0000    813875  0.9500
  0.00196    169.81     169.808           0           0           0  14.2919   0.3046  0.0127  1.0000  0.0000    820386  0.9500
  0.00186    169.78     169.784           0           0           0  14.2919   0.2869  0.0200  1.0000  0.0000    826897  0.9500
  0.00177    169.74     169.744           0           0           0  14.2919   0.2734  0.0077  1.0000  0.0000    833408  0.9500
  0.00168    169.76     169.759           0           0           0  14.2919   0.2867  0.0123  1.0000  0.0000    839919  0.9500
  0.00160    169.75     169.748           0           0           0  14.2919   0.2938  0.0136  1.0000  0.0000    846430  0.9500
  0.00152    169.74     169.743           0           0           0  14.2919   0.2723  0.0115  1.0000  0.0000    852941  0.9500
  0.00144    169.73      169.73           0           0           0  14.2919   0.2852  0.0096  1.0000  0.0000    859452  0.9500
  0.00137    169.73     169.733           0           0           0  14.2919   0.2672  0.0111  1.0000  0.0000    865963  0.9500
  0.00130    169.73     169.728           0           0           0  14.2919   0.2746  0.0000  1.0000  0.0000    872474  0.9500
  0.00124    169.73     169.727           0           0           0  14.2919   0.2596  0.0106  1.0000  0.0000    878985  0.9500
  0.00117    169.72     169.725           0           0           0  14.2919   0.2709  0.0151  1.0000  0.0000    885496  0.9500
  0.00112    169.73     169.729           0           0           0  14.2919   0.2642  0.0090  1.0000  0.0000    892007  0.9500
  0.00106    169.73     169.726           0           0           0  14.2919   0.2675  0.0000  1.0000  0.0000    898518  0.9500
  0.00101    169.72     169.721           0           0           0  14.2919   0.2688  0.0088  1.0000  0.0000    905029  0.9500
  0.00096    169.72     169.723           0           0           0  14.2919   0.2686  0.0000  1.0000  0.0000    911540  0.9500
  0.00091    169.72     169.725           0           0           0  14.2919   0.2715  0.0081  1.0000  0.0000    918051  0.9500
  0.00086    169.72     169.722           0           0           0  14.2919   0.2785  0.0139  1.0000  0.0000    924562  0.9500
  0.00082    169.72     169.722           0           0           0  14.2919   0.2660  0.0000  1.0000  0.0000    931073  0.9500
  0.00078    169.72     169.721           0           0           0  14.2919   0.2588  0.0051  1.0000  0.0000    937584  0.9500
  0.00074    169.72     169.722           0           0           0  14.2919   0.2660  0.0052  1.0000  0.0000    944095  0.9500
  0.00070    169.72     169.716           0           0           0  14.2919   0.2682  0.0000  1.0000  0.0000    950606  0.9500
  0.00067    169.72     169.715           0           0           0  14.2919   0.2860  0.0000  1.0000  0.0000    957117  0.9500
  0.00063    169.72     169.717           0           0           0  14.2919   0.2712  0.0147  1.0000  0.0000    963628  0.9500
  0.00060    169.72     169.716           0           0           0  14.2919   0.2613  0.0179  1.0000  0.0000    970139  0.9500
  0.00057    169.72     169.716           0           0           0  14.2919   0.2563  0.0000  1.0000  0.0000    976650  0.9500
  0.00054    169.71     169.714           0           0           0  14.2919   0.2646  0.0000  1.0000  0.0000    983161  0.9500
  0.00052    169.71     169.714           0           0           0  14.2919   0.2634  0.0000  1.0000  0.0000    989672  0.9500
  0.00049    169.71     169.712           0           0           0  14.2919   0.2520  0.0000  1.0000  0.0000    996183  0.9500
  0.00047    169.71     169.713           0           0           0  14.2919   0.2613  0.0000  1.0000  0.0000   1002694  0.9500
  0.00044    169.71     169.712           0           0           0  14.2919   0.2559  0.0000  1.0000  0.0000   1009205  0.9500
  0.00000    169.71     169.712           0           0           0            0.1519  0.0000  1.0000  0.0000   1015716

