 61.56686    353.28     353.278           0           0           0  14.2919   0.9982  4.3205 18.0000  0.0000      6511  0.5000
 30.78343    356.34     356.335           0           0           0  14.2919   0.9963  4.8595 18.0000  0.0000     13022  0.5000
 15.39172    353.66     353.657           0           0           0  14.2919   0.9939  4.2050 18.0000  0.0000     19533  0.5000
  7.69586    355.17     355.174           0           0           0  14.2919   0.9854  5.2536 18.0000  0.0000     26044  0.5000
  3.84793    348.14     348.138           0           0           0  14.2919   0.9708  6.9007 18.0000  0.0000     32555  0.5000
  1.92396    346.29     346.288           0           0           0  14.2919   0.9558  3.1917 18.0000  0.0000     39066  0.9000
  1.73157    343.96     343.964           0           0           0  14.2919   0.9490  3.2943 18.0000  0.0000     45577  0.9000
  1.55841    337.96     337.956           0           0           0  14.2919   0.9360  4.6774 18.0000  0.0000     52088  0.9000
  1.40257    337.61     337.609           0           0           0  14.2919   0.9274  3.1567 18.0000  0.0000     58599  0.9000
  1.26231    339.91     339.905           0           0           0  14.2919   0.9250  4.1468 18.0000  0.0000     65110  0.9000
  1.13608    335.36      335.36           0           0           0  14.2919   0.9183  5.3053 18.0000  0.0000     71621  0.9000
  1.02247    337.82     337.821           0           0           0  14.2919   0.9111  2.7799 18.0000  0.0000     78132  0.9000
  0.92023    332.46     332.456           0           0           0  14.2919   0.8891  4.2728 18.0000  0.0000     84643  0.9000
  0.82820    327.87     327.869           0           0           0  14.2919   0.8839  5.5228 18.0000  0.0000     91154  0.9000
  0.74538    326.19     326.192           0           0           0  14.2919   0.8748  5.2452 18.0000  0.0000     97665  0.9000
  0.67084    317.77     317.768           0           0           0  14.2919   0.8441  4.5217 18.0000  0.0000    104176  0.9000
  0.60376    317.59     317.589           0           0           0  14.2919   0.8424  4.6212 18.0000  0.0000    110687  0.9000
  0.54338     309.3     309.303           0           0           0  14.2919   0.8162  6.3653 18.0000  0.0000    117198  0.9000
  0.48905     303.3     303.302           0           0           0  14.2919   0.8040  2.9685 18.0000  0.0000    123709  0.9000
  0.44014    303.97     303.971           0           0           0  14.2919   0.7956  3.9789 18.0000  0.0000    130220  0.9500
  0.41813    296.48     296.476           0           0           0  14.2919   0.7728  3.2191 18.0000  0.0000    136731  0.9500
  0.39723    290.58     290.579           0           0           0  14.2919   0.7603  2.7549 18.0000  0.0000    143242  0.9500
  0.37737    286.47     286.472           0           0           0  14.2919   0.7474  2.6012 18.0000  0.0000    149753  0.9500
  0.35850    289.88     289.884           0           0           0  14.2919   0.7518  3.4164 18.0000  0.0000    156264  0.9500
  0.34057     287.1     287.096           0           0           0  14.2919   0.7320  2.8213 18.0000  0.0000    162775  0.9500
  0.32354    276.03     276.033           0           0           0  14.2919   0.7363  3.5582 18.0000  0.0000    169286  0.9500
  0.30737    270.61     270.608           0           0           0  14.2919   0.7199  2.1364 18.0000  0.0000    175797  0.9500
  0.29200    270.76     270.757           0           0           0  14.2919   0.7105  2.0949 18.0000  0.0000    182308  0.9500
  0.27740    266.88     266.879           0           0           0  14.2919   0.7145  3.7897 18.0000  0.0000    188819  0.9500
  0.26353    261.33     261.331           0           0           0  14.2919   0.6812  2.0708 18.0000  0.0000    195330  0.9500
  0.25035    259.76     259.762           0           0           0  14.2919   0.6804  2.0999 18.0000  0.0000    201841  0.9500
  0.23783     257.6     257.605           0           0           0  14.2919   0.6796  1.4850 18.0000  0.0000    208352  0.9500
  0.22594    250.85     250.852           0           0           0  14.2919   0.6593  1.5750 18.0000  0.0000    214863  0.9500
  0.21465    252.49     252.487           0           0           0  14.2919   0.6468  2.7417 18.0000  0.0000    221374  0.9500
  0.20391    248.35     248.351           0           0           0  14.2919   0.6441  4.0512 18.0000  0.0000    227885  0.9500
  0.19372    239.81     239.813           0           0           0  14.2919   0.6480  2.1497 18.0000  0.0000    234396  0.9500
  0.18403    237.53     237.528           0           0           0  14.2919   0.6272  0.9883 18.0000  0.0000    240907  0.9500
  0.17483    238.56     238.564           0           0           0  14.2919   0.6314  1.8472 18.0000  0.0000    247418  0.9500
  0.16609    236.58      236.58           0           0           0  14.2919   0.6236  0.8736 18.0000  0.0000    253929  0.9500
  0.15778    236.22     236.216           0           0           0  14.2919   0.5967  1.0203 18.0000  0.0000    260440  0.9500
  0.14990     234.8     234.797           0           0           0  14.2919   0.5965  1.1620 18.0000  0.0000    266951  0.9500
  0.14240    235.84     235.844           0           0           0  14.2919   0.5740  1.4342 18.0000  0.0000    273462  0.9500
  0.13528    236.53     236.528           0           0           0  14.2919   0.5695  1.4760 18.0000  0.0000    279973  0.9500
  0.12852    232.05     232.048           0           0           0  14.2919   0.5654  1.4299 18.0000  0.0000    286484  0.9500
  0.12209     229.5     229.496           0           0           0  14.2919   0.5592  0.9387 18.0000  0.0000    292995  0.9500
  0.11599    229.58     229.578           0           0           0  14.2919   0.5463  1.5478 18.0000  0.0000    299506  0.9500
  0.11019    228.58     228.583           0           0           0  14.2919   0.5349  0.7527 18.0000  0.0000    306017  0.9500
  0.10468     225.7     225.698           0           0           0  14.2919   0.5191  1.0839 18.0000  0.0000    312528  0.9500
  0.09944    225.13     225.129           0           0           0  14.2919   0.5091  1.3330 18.0000  0.0000    319039  0.9500
  0.09447    220.38      220.38           0           0           0  14.2919   0.4841  0.9769 18.0000  0.0000    325550  0.9500
  0.08975    218.04     218.037           0           0           0  14.2919   0.4485  0.8903 18.0000  0.0000    332061  0.9500
  0.08526    218.45     218.447           0           0           0  14.2919   0.4577  0.8580 18.0000  0.0000    338572  0.9500
  0.08100    217.14     217.145           0           0           0  14.2919   0.4439  0.8594 18.0000  0.0000    345083  0.9500
  0.07695     214.9     214.899           0           0           0  14.2919   0.4112  0.8998 18.0000  0.0000    351594  0.9500
  0.07310    214.92     214.921           0           0           0  14.2919   0.4620  1.0624 17.4807  0.0000    358105  0.9500
  0.06945    213.46     213.464           0           0           0  14.2919   0.4469  1.4999 17.8651  0.0000    364616  0.9500
  0.06597    211.93     211.926           0           0           0  14.2919   0.4113  1.0570 17.9890  0.0000    371127  0.9500
  0.06267    210.77      210.77           0           0           0  14.2919   0.4162  0.5989 17.4728  0.0000    377638  0.9500
  0.05954    209.21     209.213           0           0           0  14.2919   0.4113  0.7093 17.0572  0.0000    384149  0.9500
  0.05656    206.91     206.914           0           0           0  14.2919   0.3909  1.3076 16.5678  0.0000    390660  0.9500
  0.05374    204.07     204.068           0           0           0  14.2919   0.3953  0.5571 15.7539  0.0000    397171  0.9500
  0.05105    202.35     202.353           0           0           0  14.2919   0.3748  0.6091 15.0502  0.0000    403682  0.9500
  0.04850     201.9     201.896           0           0           0  14.2919   0.3955  1.0216 14.0682  0.0000    410193  0.9500
  0.04607     201.1     201.097           0           0           0  14.2919   0.4012  0.4267 13.4419  0.0000    416704  0.9500
  0.04377    200.32     200.318           0           0           0  14.2919   0.4082  0.4098 12.9199  0.0000    423215  0.9500
  0.04158    198.44     198.439           0           0           0  14.2919   0.4081  0.5858 12.5095  0.0000    429726  0.9500
  0.03950    197.15     197.153           0           0           0  14.2919   0.3927  0.6098 12.1102  0.0000    436237  0.9500
  0.03753    195.69     195.688           0           0           0  14.2919   0.3996  1.0490 11.5376  0.0000    442748  0.9500
  0.03565    193.16     193.158           0           0           0  14.2919   0.3794  0.4111 11.0718  0.0000    449259  0.9500
  0.03387    191.16     191.159           0           0           0  14.2919   0.3890  0.4479 10.4004  0.0000    455770  0.9500
  0.03217     190.1       190.1           0           0           0  14.2919   0.4059  0.5420  9.8704  0.0000    462281  0.9500
  0.03056    189.76     189.762           0           0           0  14.2919   0.4147  0.5450  9.5341  0.0000    468792  0.9500
  0.02904    187.85     187.848           0           0           0  14.2919   0.3864  0.4300  9.2927  0.0000    475303  0.9500
  0.02758    186.62     186.619           0           0           0  14.2919   0.4013  0.5511  8.7948  0.0000    481814  0.9500
  0.02621    185.21     185.206           0           0           0  14.2919   0.3838  0.4013  8.4546  0.0000    488325  0.9500
  0.02490    184.66     184.658           0           0           0  14.2919   0.4122  0.3540  7.9796  0.0000    494836  0.9500
  0.02365    184.08     184.085           0           0           0  14.2919   0.3877  0.2477  7.7580  0.0000    501347  0.9500
  0.02247    183.53     183.531           0           0           0  14.2919   0.3787  0.5161  7.3518  0.0000    507858  0.9500
  0.02134    182.43     182.433           0           0           0  14.2919   0.3995  0.2184  6.9015  0.0000    514369  0.9500
  0.02028    181.53     181.526           0           0           0  14.2919   0.3930  0.4581  6.6218  0.0000    520880  0.9500
  0.01926    180.22     180.222           0           0           0  14.2919   0.3901  0.4310  6.3108  0.0000    527391  0.9500
  0.01830    179.02     179.024           0           0           0  14.2919   0.4018  0.4219  5.9959  0.0000    533902  0.9500
  0.01739    179.21     179.214           0           0           0  14.2919   0.4076  0.2519  5.7668  0.0000    540413  0.9500
  0.01652    178.53      178.53           0           0           0  14.2919   0.3889  0.3860  5.5800  0.0000    546924  0.9500
  0.01569    177.51     177.512           0           0           0  14.2919   0.3807  0.3358  5.2948  0.0000    553435  0.9500
  0.01491    177.04     177.043           0           0           0  14.2919   0.4128  0.1296  4.9810  0.0000    559946  0.9500
  0.01416    176.55     176.549           0           0           0  14.2919   0.3916  0.3190  4.8457  0.0000    566457  0.9500
  0.01345    175.51     175.514           0           0           0  14.2919   0.3794  0.3327  4.6114  0.0000    572968  0.9500
  0.01278    174.89     174.892           0           0           0  14.2919   0.3537  0.2862  4.3318  0.0000    579479  0.9500
  0.01214     174.1     174.102           0           0           0  14.2919   0.4141  0.1912  3.9580  0.0000    585990  0.9500
  0.01153    173.58     173.576           0           0           0  14.2919   0.3926  0.2114  3.8553  0.0000    592501  0.9500
  0.01096    173.13     173.134           0           0           0  14.2919   0.3821  0.0962  3.6725  0.0000    599012  0.9500
  0.01041    172.89     172.894           0           0           0  14.2919   0.3637  0.1847  3.4599  0.0000    605523  0.9500
  0.00989    172.42     172.416           0           0           0  14.2919   0.3608  0.1933  3.1959  0.0000    612034  0.9500
  0.00939    172.07     172.068           0           0           0  14.2919   0.4248  0.1257  2.9427  0.0000    618545  0.9500
  0.00892    171.91     171.913           0           0           0  14.2919   0.4113  0.1672  2.8980  0.0000    625056  0.9500
  0.00848    171.53     171.529           0           0           0  14.2919   0.3975  0.1561  2.8149  0.0000    631567  0.9500
  0.00805    171.42     171.421           0           0           0  14.2919   0.4050  0.1511  2.6952  0.0000    638078  0.9500
  0.00765    170.95     170.946           0           0           0  14.2919   0.3777  0.0932  2.6009  0.0000    644589  0.9500
  0.00727    170.91     170.911           0           0           0  14.2919   0.3545  0.1177  2.4388  0.0000    651100  0.9500
  0.00691    170.66     170.659           0           0           0  14.2919   0.3437  0.0884  2.2302  0.0000    657611  0.9500
  0.00656    170.59     170.594           0           0           0  14.2919   0.3442  0.0812  2.0155  0.0000    664122  0.9500
  0.00623    170.42     170.424           0           0           0  14.2919   0.4167  0.0521  1.8224  0.0000    670633  0.9500
  0.00592    170.16     170.161           0           0           0  14.2919   0.4127  0.0967  1.7799  0.0000    677144  0.9500
  0.00562    169.82     169.825           0           0           0  14.2919   0.3958  0.1255  1.7313  0.0000    683655  0.9500
  0.00534     169.7     169.702           0           0           0  14.2919   0.3801  0.0627  1.6547  0.0000    690166  0.9500
  0.00508    169.74     169.738           0           0           0  14.2919   0.3688  0.1055  1.5556  0.0000    696677  0.9500
  0.00482     169.4     169.401           0           0           0  14.2919   0.3606  0.0684  1.4448  0.0000    703188  0.9500
  0.00458    169.47     169.471           0           0           0  14.2919   0.3571  0.0479  1.3301  0.0000    709699  0.9500
  0.00435     169.3     169.298           0           0           0  14.2919   0.3496  0.0808  1.2198  0.0000    716210  0.9500
  0.00413    169.16     169.159           0           0           0  14.2919   0.3434  0.0540  1.1095  0.0000    722721  0.9500
  0.00393    169.09     169.088           0           0           0  14.2919   0.3202  0.0508  1.0024  0.0000    729232  0.9500
  0.00373       169     168.996           0           0           0  14.2919   0.3222  0.0878  1.0000  0.0000    735743  0.9500
  0.00354    168.81     168.808           0           0           0  14.2919   0.2917  0.0304  1.0000  0.0000    742254  0.9500
  0.00337    168.85     168.849           0           0           0  14.2919   0.2907  0.0535  1.0000  0.0000    748765  0.9500
  0.00320     168.8     168.802           0           0           0  14.2919   0.2887  0.0589  1.0000  0.0000    755276  0.9500
  0.00304     168.7     168.701           0           0           0  14.2919   0.2722  0.0286  1.0000  0.0000    761787  0.9500
  0.00289    168.72     168.716           0           0           0  14.2919   0.2616  0.0298  1.0000  0.0000    768298  0.9500
  0.00274    168.55     168.552           0           0           0  14.2919   0.2522  0.0390  1.0000  0.0000    774809  0.9500
  0.00261    168.52     168.516           0           0           0  14.2919   0.2507  0.0158  1.0000  0.0000    781320  0.9500
  0.00248    168.54     168.541           0           0           0  14.2919   0.2562  0.0215  1.0000  0.0000    787831  0.9500
  0.00235    168.52     168.522           0           0           0  14.2919   0.2477  0.0299  1.0000  0.0000    794342  0.9500
  0.00223    168.43     168.426           0           0           0  14.2919   0.2351  0.0127  1.0000  0.0000    800853  0.9500
  0.00212     168.4       168.4           0           0           0  14.2919   0.2249  0.0195  1.0000  0.0000    807364  0.9500
  0.00202    168.37     168.367           0           0           0  14.2919   0.2284  0.0178  1.0000  0.0000    813875  0.9500
  0.00192    168.38     168.382           0           0           0  14.2919   0.2321  0.0000  1.0000  0.0000    820386  0.9500
  0.00182    168.36     168.363           0           0           0  14.2919   0.2259  0.0069  1.0000  0.0000    826897  0.9500
  0.00173    168.33     168.326           0           0           0  14.2919   0.2344  0.0000  1.0000  0.0000    833408  0.9500
  0.00164    168.32     168.324           0           0           0  14.2919   0.2287  0.0000  1.0000  0.0000    839919  0.9500
  0.00156    168.32     168.321           0           0           0  14.2919   0.2149  0.0109  1.0000  0.0000    846430  0.9500
  0.00148    168.32     168.321           0           0           0  14.2919   0.2253  0.0100  1.0000  0.0000    852941  0.9500
  0.00141     168.3     168.303           0           0           0  14.2919   0.2164  0.0108  1.0000  0.0000    859452  0.9500
  0.00134     168.3     168.299           0           0           0  14.2919   0.2172  0.0146  1.0000  0.0000    865963  0.9500
  0.00127    168.29     168.294           0           0           0  14.2919   0.2227  0.0159  1.0000  0.0000    872474  0.9500
  0.00121    168.28     168.285           0           0           0  14.2919   0.2159  0.0000  1.0000  0.0000    878985  0.9500
  0.00115    168.27     168.273           0           0           0  14.2919   0.2104  0.0109  1.0000  0.0000    885496  0.9500
  0.00109    168.25     168.252           0           0           0  14.2919   0.2050  0.0000  1.0000  0.0000    892007  0.9500
  0.00104    168.23     168.229           0           0           0  14.2919   0.2162  0.0000  1.0000  0.0000    898518  0.9500
  0.00098    168.21     168.212           0           0           0  14.2919   0.2144  0.0159  1.0000  0.0000    905029  0.9500
  0.00093    168.21     168.212           0           0           0  14.2919   0.2060  0.0000  1.0000  0.0000    911540  0.9500
  0.00089    168.22     168.215           0           0           0  14.2919   0.2115  0.0072  1.0000  0.0000    918051  0.9500
  0.00084    168.21     168.208           0           0           0  14.2919   0.2072  0.0027  1.0000  0.0000    924562  0.9500
  0.00080     168.2     168.202           0           0           0  14.2919   0.2123  0.0000  1.0000  0.0000    931073  0.9500
  0.00076     168.2     168.202           0           0           0  14.2919   0.2178  0.0000  1.0000  0.0000    937584  0.9500
  0.00072     168.2     168.205           0           0           0  14.2919   0.2130  0.0165  1.0000  0.0000    944095  0.9500
  0.00069    168.19     168.195           0           0           0  14.2919   0.2010  0.0000  1.0000  0.0000    950606  0.9500
  0.00065    168.19     168.193           0           0           0  14.2919   0.2092  0.0000  1.0000  0.0000    957117  0.9500
  0.00062    168.19     168.192           0           0           0  14.2919   0.2024  0.0086  1.0000  0.0000    963628  0.9500
  0.00059    168.19     168.192           0           0           0  14.2919   0.2017  0.0000  1.0000  0.0000    970139  0.9500
  0.00056    168.19     168.194           0           0           0  14.2919   0.2093  0.0000  1.0000  0.0000    976650  0.9500
  0.00053    168.19     168.191           0           0           0  14.2919   0.2103  0.0000  1.0000  0.0000    983161  0.9500
  0.00050    168.19     168.191           0           0           0  14.2919   0.2014  0.0000  1.0000  0.0000    989672  0.9500
  0.00048    168.19      168.19           0           0           0  14.2919   0.2090  0.0000  1.0000  0.0000    996183  0.9500
  0.00046    168.19      168.19           0           0           0  14.2919   0.2078  0.0000  1.0000  0.0000   1002694  0.9500
  0.00043    168.19     168.191           0           0           0  14.2919   0.2080  0.0000  1.0000  0.0000   1009205  0.9500
  0.00000    168.19     168.191           0           0           0            0.1539  0.0000  1.0000  0.0000   1015716

