 44.26595     354.5     354.504           0           0           0  14.2919   0.9975  4.1805 18.0000  0.0000      6511  0.5000
 22.13298    357.48     357.479           0           0           0  14.2919   0.9963  3.5569 18.0000  0.0000     13022  0.5000
 11.06649    353.69     353.688           0           0           0  14.2919   0.9912  5.0525 18.0000  0.0000     19533  0.5000
  5.53324    351.18     351.179           0           0           0  14.2919   0.9800  3.8443 18.0000  0.0000     26044  0.5000
  2.76662    347.75     347.747           0           0           0  14.2919   0.9664  4.0614 18.0000  0.0000     32555  0.5000
  1.38331    344.04     344.036           0           0           0  14.2919   0.9307  4.4461 18.0000  0.0000     39066  0.9000
  1.24498    338.79     338.788           0           0           0  14.2919   0.9195  5.9612 18.0000  0.0000     45577  0.9000
  1.12048    332.85     332.848           0           0           0  14.2919   0.9005  5.1856 18.0000  0.0000     52088  0.9000
  1.00843    333.78     333.777           0           0           0  14.2919   0.9032  3.4566 18.0000  0.0000     58599  0.9000
  0.90759    330.58     330.578           0           0           0  14.2919   0.8946  2.6672 18.0000  0.0000     65110  0.9000
  0.81683    325.51     325.515           0           0           0  14.2919   0.8784  5.7805 18.0000  0.0000     71621  0.9000
  0.73515    325.68      325.68           0           0           0  14.2919   0.8673  5.4926 18.0000  0.0000     78132  0.9000
  0.66163    316.63     316.626           0           0           0  14.2919   0.8393  4.8550 18.0000  0.0000     84643  0.9000
  0.59547    317.78     317.777           0           0           0  14.2919   0.8340  5.4043 18.0000  0.0000     91154  0.9000
  0.53592    311.04     311.041           0           0           0  14.2919   0.8165  5.1184 18.0000  0.0000     97665  0.9000
  0.48233    305.45     305.449           0           0           0  14.2919   0.8005  3.5076 18.0000  0.0000    104176  0.9000
  0.43410    298.81     298.814           0           0           0  14.2919   0.7890  3.0572 18.0000  0.0000    110687  0.9500
  0.41239    299.67     299.666           0           0           0  14.2919   0.7785  5.0108 18.0000  0.0000    117198  0.9500
  0.39177    292.66     292.663           0           0           0  14.2919   0.7590  2.4821 18.0000  0.0000    123709  0.9500
  0.37218     285.5     285.496           0           0           0  14.2919   0.7670  3.4707 18.0000  0.0000    130220  0.9500
  0.35358     282.7     282.705           0           0           0  14.2919   0.7467  1.8299 18.0000  0.0000    136731  0.9500
  0.33590    281.83      281.83           0           0           0  14.2919   0.7509  4.2140 18.0000  0.0000    143242  0.9500
  0.31910    274.91      274.91           0           0           0  14.2919   0.7294  2.3441 18.0000  0.0000    149753  0.9500
  0.30315    271.65     271.649           0           0           0  14.2919   0.7156  1.8890 18.0000  0.0000    156264  0.9500
  0.28799     268.6     268.598           0           0           0  14.2919   0.7159  1.9794 18.0000  0.0000    162775  0.9500
  0.27359    263.68     263.681           0           0           0  14.2919   0.7050  1.3156 18.0000  0.0000    169286  0.9500
  0.25991     262.5     262.499           0           0           0  14.2919   0.6964  1.8342 18.0000  0.0000    175797  0.9500
  0.24691    258.26     258.255           0           0           0  14.2919   0.6833  1.1136 18.0000  0.0000    182308  0.9500
  0.23457    257.85     257.852           0           0           0  14.2919   0.6827  1.7206 18.0000  0.0000    188819  0.9500
  0.22284    253.88      253.88           0           0           0  14.2919   0.6633  1.0698 18.0000  0.0000    195330  0.9500
  0.21170     251.6     251.598           0           0           0  14.2919   0.6684  1.4220 18.0000  0.0000    201841  0.9500
  0.20111     250.7     250.704           0           0           0  14.2919   0.6452  1.7858 18.0000  0.0000    208352  0.9500
  0.19106     249.9     249.896           0           0           0  14.2919   0.6546  1.9930 18.0000  0.0000    214863  0.9500
  0.18151    248.06     248.059           0           0           0  14.2919   0.6377  1.3772 18.0000  0.0000    221374  0.9500
  0.17243     243.6     243.602           0           0           0  14.2919   0.6325  3.6805 18.0000  0.0000    227885  0.9500
  0.16381     238.9     238.901           0           0           0  14.2919   0.6105  0.8171 18.0000  0.0000    234396  0.9500
  0.15562    238.81     238.812           0           0           0  14.2919   0.6108  1.4838 18.0000  0.0000    240907  0.9500
  0.14784     240.5     240.503           0           0           0  14.2919   0.5878  1.3313 18.0000  0.0000    247418  0.9500
  0.14045    238.62     238.621           0           0           0  14.2919   0.5999  1.6371 18.0000  0.0000    253929  0.9500
  0.13342    235.78     235.777           0           0           0  14.2919   0.5767  1.9224 18.0000  0.0000    260440  0.9500
  0.12675    231.35      231.35           0           0           0  14.2919   0.5723  2.2824 18.0000  0.0000    266951  0.9500
  0.12041    226.49     226.487           0           0           0  14.2919   0.5451  1.0659 18.0000  0.0000    273462  0.9500
  0.11439    226.98     226.978           0           0           0  14.2919   0.5564  0.8101 18.0000  0.0000    279973  0.9500
  0.10867    225.24     225.238           0           0           0  14.2919   0.5423  1.2720 18.0000  0.0000    286484  0.9500
  0.10324    222.75     222.746           0           0           0  14.2919   0.5211  0.8269 18.0000  0.0000    292995  0.9500
  0.09808    222.35     222.351           0           0           0  14.2919   0.5202  0.8578 18.0000  0.0000    299506  0.9500
  0.09317    220.33     220.329           0           0           0  14.2919   0.4996  1.1889 18.0000  0.0000    306017  0.9500
  0.08852    217.88     217.876           0           0           0  14.2919   0.4800  1.1113 18.0000  0.0000    312528  0.9500
  0.08409    216.86     216.863           0           0           0  14.2919   0.4718  1.0037 18.0000  0.0000    319039  0.9500
  0.07989    213.83     213.829           0           0           0  14.2919   0.4505  1.2737 18.0000  0.0000    325550  0.9500
  0.07589    213.36     213.364           0           0           0  14.2919   0.4506  0.7698 18.0000  0.0000    332061  0.9500
  0.07210    213.44      213.44           0           0           0  14.2919   0.4276  0.9498 18.0000  0.0000    338572  0.9500
  0.06849    210.67     210.668           0           0           0  14.2919   0.4379  1.0998 17.7765  0.0000    345083  0.9500
  0.06507    209.75     209.749           0           0           0  14.2919   0.4452  0.5554 17.7387  0.0000    351594  0.9500
  0.06181    206.89     206.886           0           0           0  14.2919   0.4090  1.4053 17.8318  0.0000    358105  0.9500
  0.05872    205.53     205.525           0           0           0  14.2919   0.3907  1.1490 17.2790  0.0000    364616  0.9500
  0.05579    204.72     204.723           0           0           0  14.2919   0.4147  0.5158 16.4276  0.0000    371127  0.9500
  0.05300    203.73     203.732           0           0           0  14.2919   0.3829  0.5290 16.0117  0.0000    377638  0.9500
  0.05035    201.91     201.907           0           0           0  14.2919   0.3998  1.5282 15.0972  0.0000    384149  0.9500
  0.04783    200.99     200.987           0           0           0  14.2919   0.4070  0.5035 14.4901  0.0000    390660  0.9500
  0.04544    199.56     199.561           0           0           0  14.2919   0.3932  1.1776 14.0120  0.0000    397171  0.9500
  0.04317       198     198.002           0           0           0  14.2919   0.4065  0.9536 13.3560  0.0000    403682  0.9500
  0.04101    196.12     196.117           0           0           0  14.2919   0.4178  0.9181 12.9091  0.0000    410193  0.9500
  0.03896    196.33     196.328           0           0           0  14.2919   0.3996  0.7573 12.6219  0.0000    416704  0.9500
  0.03701    194.83     194.832           0           0           0  14.2919   0.3982  0.4478 12.1124  0.0000    423215  0.9500
  0.03516    193.31     193.311           0           0           0  14.2919   0.3884  0.3519 11.6067  0.0000    429726  0.9500
  0.03340    192.32     192.315           0           0           0  14.2919   0.3987  0.4004 11.0080  0.0000    436237  0.9500
  0.03173    190.92     190.922           0           0           0  14.2919   0.3923  0.6301 10.5535  0.0000    442748  0.9500
  0.03014    188.81     188.814           0           0           0  14.2919   0.3654  0.4376 10.0497  0.0000    449259  0.9500
  0.02864    187.17     187.167           0           0           0  14.2919   0.3783  0.6048  9.2998  0.0000    455770  0.9500
  0.02721     186.1     186.102           0           0           0  14.2919   0.3924  0.2753  8.7258  0.0000    462281  0.9500
  0.02585    185.62     185.625           0           0           0  14.2919   0.3728  0.2177  8.3106  0.0000    468792  0.9500
  0.02455    184.75      184.75           0           0           0  14.2919   0.3972  0.4984  7.7517  0.0000    475303  0.9500
  0.02333    183.99     183.991           0           0           0  14.2919   0.3990  0.4298  7.4198  0.0000    481814  0.9500
  0.02216    183.74     183.738           0           0           0  14.2919   0.3943  0.2832  7.1157  0.0000    488325  0.9500
  0.02105     182.5     182.496           0           0           0  14.2919   0.3990  0.6714  6.7902  0.0000    494836  0.9500
  0.02000    181.08      181.08           0           0           0  14.2919   0.3810  0.3592  6.5119  0.0000    501347  0.9500
  0.01900    180.13     180.126           0           0           0  14.2919   0.3800  0.1532  6.1280  0.0000    507858  0.9500
  0.01805    180.01     180.007           0           0           0  14.2919   0.4056  0.3515  5.7601  0.0000    514369  0.9500
  0.01715    178.97      178.97           0           0           0  14.2919   0.3858  0.1819  5.5621  0.0000    520880  0.9500
  0.01629    178.11     178.107           0           0           0  14.2919   0.3643  0.3132  5.2607  0.0000    527391  0.9500
  0.01547    177.72     177.717           0           0           0  14.2919   0.4112  0.2250  4.8625  0.0000    533902  0.9500
  0.01470    176.66     176.663           0           0           0  14.2919   0.4035  0.2464  4.7222  0.0000    540413  0.9500
  0.01397     176.6     176.596           0           0           0  14.2919   0.4009  0.1479  4.5497  0.0000    546924  0.9500
  0.01327    176.26     176.258           0           0           0  14.2919   0.3809  0.1890  4.3716  0.0000    553435  0.9500
  0.01260    175.73      175.73           0           0           0  14.2919   0.3685  0.2390  4.1133  0.0000    559946  0.9500
  0.01197    175.12     175.116           0           0           0  14.2919   0.4015  0.2626  3.8190  0.0000    566457  0.9500
  0.01138    174.68     174.683           0           0           0  14.2919   0.3975  0.1253  3.6718  0.0000    572968  0.9500
  0.01081    174.38     174.385           0           0           0  14.2919   0.3900  0.1610  3.5157  0.0000    579479  0.9500
  0.01027    174.18     174.183           0           0           0  14.2919   0.3771  0.1294  3.3398  0.0000    585990  0.9500
  0.00975    174.08     174.081           0           0           0  14.2919   0.3764  0.1853  3.1295  0.0000    592501  0.9500
  0.00927    173.55     173.548           0           0           0  14.2919   0.4363  0.2396  2.9306  0.0000    599012  0.9500
  0.00880    173.07     173.075           0           0           0  14.2919   0.4205  0.1719  2.9199  0.0000    605523  0.9500
  0.00836    172.78     172.784           0           0           0  14.2919   0.4231  0.1174  2.8630  0.0000    612034  0.9500
  0.00794    172.43     172.429           0           0           0  14.2919   0.3775  0.0701  2.8147  0.0000    618545  0.9500
  0.00755    172.34      172.34           0           0           0  14.2919   0.3824  0.1390  2.6388  0.0000    625056  0.9500
  0.00717    172.25     172.249           0           0           0  14.2919   0.3861  0.1000  2.4869  0.0000    631567  0.9500
  0.00681    172.18     172.179           0           0           0  14.2919   0.3566  0.0993  2.3529  0.0000    638078  0.9500
  0.00647    171.79     171.789           0           0           0  14.2919   0.3586  0.1030  2.1567  0.0000    644589  0.9500
  0.00615    171.73     171.728           0           0           0  14.2919   0.4293  0.1237  1.9812  0.0000    651100  0.9500
  0.00584    171.56     171.558           0           0           0  14.2919   0.4314  0.0730  1.9600  0.0000    657611  0.9500
  0.00555    171.41     171.413           0           0           0  14.2919   0.4336  0.1005  1.9432  0.0000    664122  0.9500
  0.00527    171.23     171.232           0           0           0  14.2919   0.4121  0.0685  1.9307  0.0000    670633  0.9500
  0.00501    171.25      171.25           0           0           0  14.2919   0.4085  0.0308  1.8768  0.0000    677144  0.9500
  0.00476    171.14     171.138           0           0           0  14.2919   0.3861  0.0808  1.8177  0.0000    683655  0.9500
  0.00452    171.03     171.029           0           0           0  14.2919   0.3814  0.0428  1.7198  0.0000    690166  0.9500
  0.00429    171.01     171.011           0           0           0  14.2919   0.3896  0.0905  1.6189  0.0000    696677  0.9500
  0.00408    170.81     170.812           0           0           0  14.2919   0.3499  0.0645  1.5374  0.0000    703188  0.9500
  0.00387     170.6     170.602           0           0           0  14.2919   0.3296  0.0662  1.3988  0.0000    709699  0.9500
  0.00368    170.64     170.638           0           0           0  14.2919   0.3439  0.0427  1.2444  0.0000    716210  0.9500
  0.00350    170.64     170.644           0           0           0  14.2919   0.3331  0.0359  1.1248  0.0000    722721  0.9500
  0.00332    170.64     170.639           0           0           0  14.2919   0.3279  0.0257  1.0046  0.0000    729232  0.9500
  0.00316    170.58     170.577           0           0           0  14.2919   0.3333  0.0408  1.0000  0.0000    735743  0.9500
  0.00300    170.58     170.581           0           0           0  14.2919   0.3397  0.0338  1.0000  0.0000    742254  0.9500
  0.00285    170.45     170.446           0           0           0  14.2919   0.3248  0.0281  1.0000  0.0000    748765  0.9500
  0.00271    170.36     170.363           0           0           0  14.2919   0.3135  0.0327  1.0000  0.0000    755276  0.9500
  0.00257    170.32     170.322           0           0           0  14.2919   0.3006  0.0266  1.0000  0.0000    761787  0.9500
  0.00244    170.27     170.272           0           0           0  14.2919   0.2950  0.0091  1.0000  0.0000    768298  0.9500
  0.00232    170.26     170.258           0           0           0  14.2919   0.2932  0.0252  1.0000  0.0000    774809  0.9500
  0.00220    170.16     170.162           0           0           0  14.2919   0.2912  0.0183  1.0000  0.0000    781320  0.9500
  0.00209    170.16     170.156           0           0           0  14.2919   0.2886  0.0122  1.0000  0.0000    787831  0.9500
  0.00199    170.12     170.123           0           0           0  14.2919   0.2894  0.0141  1.0000  0.0000    794342  0.9500
  0.00189    170.13     170.132           0           0           0  14.2919   0.2812  0.0134  1.0000  0.0000    800853  0.9500
  0.00179    170.13     170.131           0           0           0  14.2919   0.2752  0.0148  1.0000  0.0000    807364  0.9500
  0.00171    170.11     170.113           0           0           0  14.2919   0.2725  0.0077  1.0000  0.0000    813875  0.9500
  0.00162     170.1     170.103           0           0           0  14.2919   0.2588  0.0026  1.0000  0.0000    820386  0.9500
  0.00154     170.1     170.101           0           0           0  14.2919   0.2760  0.0102  1.0000  0.0000    826897  0.9500
  0.00146    170.09     170.093           0           0           0  14.2919   0.2596  0.0114  1.0000  0.0000    833408  0.9500
  0.00139     170.1     170.098           0           0           0  14.2919   0.2626  0.0000  1.0000  0.0000    839919  0.9500
  0.00132    170.09     170.093           0           0           0  14.2919   0.2568  0.0128  1.0000  0.0000    846430  0.9500
  0.00125    170.08     170.076           0           0           0  14.2919   0.2577  0.0000  1.0000  0.0000    852941  0.9500
  0.00119    170.08     170.084           0           0           0  14.2919   0.2723  0.0000  1.0000  0.0000    859452  0.9500
  0.00113    170.08     170.082           0           0           0  14.2919   0.2694  0.0000  1.0000  0.0000    865963  0.9500
  0.00107    170.08     170.083           0           0           0  14.2919   0.2640  0.0109  1.0000  0.0000    872474  0.9500
  0.00102    170.07     170.068           0           0           0  14.2919   0.2591  0.0076  1.0000  0.0000    878985  0.9500
  0.00097    170.06     170.062           0           0           0  14.2919   0.2632  0.0000  1.0000  0.0000    885496  0.9500
  0.00092    170.06     170.057           0           0           0  14.2919   0.2550  0.0072  1.0000  0.0000    892007  0.9500
  0.00088    170.05     170.054           0           0           0  14.2919   0.2543  0.0139  1.0000  0.0000    898518  0.9500
  0.00083    170.06     170.055           0           0           0  14.2919   0.2545  0.0000  1.0000  0.0000    905029  0.9500
  0.00079    170.05     170.053           0           0           0  14.2919   0.2571  0.0000  1.0000  0.0000    911540  0.9500
  0.00075    170.05     170.053           0           0           0  14.2919   0.2465  0.0067  1.0000  0.0000    918051  0.9500
  0.00071    170.05     170.051           0           0           0  14.2919   0.2516  0.0125  1.0000  0.0000    924562  0.9500
  0.00068    170.04     170.044           0           0           0  14.2919   0.2648  0.0000  1.0000  0.0000    931073  0.9500
  0.00064    170.04     170.041           0           0           0  14.2919   0.2596  0.0000  1.0000  0.0000    937584  0.9500
  0.00061    170.04      170.04           0           0           0  14.2919   0.2565  0.0000  1.0000  0.0000    944095  0.9500
  0.00058    170.04     170.041           0           0           0  14.2919   0.2533  0.0000  1.0000  0.0000    950606  0.9500
  0.00055    170.04      170.04           0           0           0  14.2919   0.2488  0.0162  1.0000  0.0000    957117  0.9500
  0.00052    170.04      170.04           0           0           0  14.2919   0.2480  0.0000  1.0000  0.0000    963628  0.9500
  0.00050    170.04     170.039           0           0           0  14.2919   0.2537  0.0000  1.0000  0.0000    970139  0.9500
  0.00047    170.04     170.039           0           0           0  14.2919   0.2551  0.0000  1.0000  0.0000    976650  0.9500
  0.00045    170.04     170.038           0           0           0  14.2919   0.2508  0.0000  1.0000  0.0000    983161  0.9500
  0.00000    170.04     170.039           0           0           0            0.1427  0.0000  1.0000  0.0000    989672
