 10.20064       361     361.005           0           0           0  14.2919   0.9877  1.2164 18.0000  0.0000      6511  0.5000
  5.10032    359.15     359.155           0           0           0  14.2919   0.9871  1.6020 18.0000  0.0000     13022  0.5000
  2.55016    353.97     353.967           0           0           0  14.2919   0.9825  1.8631 18.0000  0.0000     19533  0.5000
  1.27508    353.85     353.845           0           0           0  14.2919   0.9796  1.6771 18.0000  0.0000     26044  0.5000
  0.63754       348     348.003           0           0           0  14.2919   0.9634  2.3477 18.0000  0.0000     32555  0.5000
  0.31877    340.67     340.667           0           0           0  14.2919   0.9401  2.3505 18.0000  0.0000     39066  0.9000
  0.28689     335.7     335.702           0           0           0  14.2919   0.9430  2.4011 18.0000  0.0000     45577  0.9000
  0.25820     329.5     329.498           0           0           0  14.2919   0.9306  1.7895 18.0000  0.0000     52088  0.9000
  0.23238    324.26     324.257           0           0           0  14.2919   0.9266  2.0433 18.0000  0.0000     58599  0.9000
  0.20915    321.32     321.317           0           0           0  14.2919   0.9049  1.4316 18.0000  0.0000     65110  0.9000
  0.18823    318.45     318.453           0           0           0  14.2919   0.9132  0.9230 18.0000  0.0000     71621  0.9000
  0.16941    315.67     315.668           0           0           0  14.2919   0.9088  1.8382 18.0000  0.0000     78132  0.9000
  0.15247    311.41      311.41           0           0           0  14.2919   0.8957  0.7182 18.0000  0.0000     84643  0.9000
  0.13722    306.25     306.251           0           0           0  14.2919   0.8831  1.8457 18.0000  0.0000     91154  0.9000
  0.12350    303.03     303.033           0           0           0  14.2919   0.8805  1.3052 18.0000  0.0000     97665  0.9000
  0.11115     298.8       298.8           0           0           0  14.2919   0.8664  1.2900 18.0000  0.0000    104176  0.9000
  0.10003    293.61     293.611           0           0           0  14.2919   0.8489  1.0041 18.0000  0.0000    110687  0.9000
  0.09003    290.35     290.347           0           0           0  14.2919   0.8357  0.8650 18.0000  0.0000    117198  0.9000
  0.08103    287.81     287.812           0           0           0  14.2919   0.8344  1.1816 18.0000  0.0000    123709  0.9000
  0.07292    284.32     284.319           0           0           0  14.2919   0.8254  1.2324 18.0000  0.0000    130220  0.9000
  0.06563    281.53     281.532           0           0           0  14.2919   0.8013  0.6716 18.0000  0.0000    136731  0.9000
  0.05907    280.12     280.124           0           0           0  14.2919   0.7851  1.0218 18.0000  0.0000    143242  0.9500
  0.05612    277.56     277.558           0           0           0  14.2919   0.7913  0.6686 18.0000  0.0000    149753  0.9500
  0.05331    276.48     276.475           0           0           0  14.2919   0.7802  0.8484 18.0000  0.0000    156264  0.9500
  0.05064    275.02     275.019           0           0           0  14.2919   0.7773  0.2384 18.0000  0.0000    162775  0.9500
  0.04811    274.14     274.143           0           0           0  14.2919   0.7747  0.6050 18.0000  0.0000    169286  0.9500
  0.04571    272.67     272.671           0           0           0  14.2919   0.7599  0.5264 18.0000  0.0000    175797  0.9500
  0.04342    271.56     271.556           0           0           0  14.2919   0.7607  0.6793 18.0000  0.0000    182308  0.9500
  0.04125    269.36     269.358           0           0           0  14.2919   0.7589  0.3646 18.0000  0.0000    188819  0.9500
  0.03919    269.14     269.137           0           0           0  14.2919   0.7454  0.1640 18.0000  0.0000    195330  0.9500
  0.03723    267.53      267.53           0           0           0  14.2919   0.7354  0.7035 18.0000  0.0000    201841  0.9500
  0.03537    265.97     265.971           0           0           0  14.2919   0.7306  0.4606 18.0000  0.0000    208352  0.9500
  0.03360    264.99     264.988           0           0           0  14.2919   0.7260  0.1864 18.0000  0.0000    214863  0.9500
  0.03192    263.77     263.769           0           0           0  14.2919   0.7203  0.4510 18.0000  0.0000    221374  0.9500
  0.03032    262.11     262.112           0           0           0  14.2919   0.6878  0.4842 18.0000  0.0000    227885  0.9500
  0.02881    260.98     260.984           0           0           0  14.2919   0.6904  0.2888 18.0000  0.0000    234396  0.9500
  0.02737    260.51     260.508           0           0           0  14.2919   0.6921  0.4075 18.0000  0.0000    240907  0.9500
  0.02600    259.64     259.643           0           0           0  14.2919   0.6850  0.2768 18.0000  0.0000    247418  0.9500
  0.02470    258.76     258.758           0           0           0  14.2919   0.6746  0.3773 18.0000  0.0000    253929  0.9500
  0.02346    257.67     257.666           0           0           0  14.2919   0.6703  0.4216 18.0000  0.0000    260440  0.9500
  0.02229     256.6     256.602           0           0           0  14.2919   0.6616  0.1703 18.0000  0.0000    266951  0.9500
  0.02118    255.59      255.59           0           0           0  14.2919   0.6607  0.2881 18.0000  0.0000    273462  0.9500
  0.02012    254.42     254.417           0           0           0  14.2919   0.6412  0.3695 18.0000  0.0000    279973  0.9500
  0.01911     253.7     253.699           0           0           0  14.2919   0.6209  0.1515 18.0000  0.0000    286484  0.9500
  0.01816    253.05     253.055           0           0           0  14.2919   0.6292  0.4096 18.0000  0.0000    292995  0.9500
  0.01725    251.95     251.955           0           0           0  14.2919   0.6208  0.2026 18.0000  0.0000    299506  0.9500
  0.01639    251.26     251.258           0           0           0  14.2919   0.6140  0.4473 18.0000  0.0000    306017  0.9500
  0.01557    250.34     250.339           0           0           0  14.2919   0.6087  0.3824 18.0000  0.0000    312528  0.9500
  0.01479    249.56      249.56           0           0           0  14.2919   0.5978  0.1417 18.0000  0.0000    319039  0.9500
  0.01405    249.14     249.139           0           0           0  14.2919   0.6016  0.2497 18.0000  0.0000    325550  0.9500
  0.01335    248.16     248.165           0           0           0  14.2919   0.5724  0.3065 18.0000  0.0000    332061  0.9500
  0.01268    247.58     247.578           0           0           0  14.2919   0.5483  0.1375 18.0000  0.0000    338572  0.9500
  0.01204    247.28     247.279           0           0           0  14.2919   0.5514  0.1154 18.0000  0.0000    345083  0.9500
  0.01144    246.65     246.646           0           0           0  14.2919   0.5383  0.2685 18.0000  0.0000    351594  0.9500
  0.01087     245.9     245.901           0           0           0  14.2919   0.5197  0.1923 18.0000  0.0000    358105  0.9500
  0.01033    245.37     245.371           0           0           0  14.2919   0.5190  0.2696 18.0000  0.0000    364616  0.9500
  0.00981     244.8     244.802           0           0           0  14.2919   0.5068  0.1265 18.0000  0.0000    371127  0.9500
  0.00932    244.41     244.411           0           0           0  14.2919   0.5053  0.1284 18.0000  0.0000    377638  0.9500
  0.00885     243.9     243.904           0           0           0  14.2919   0.4784  0.2034 18.0000  0.0000    384149  0.9500
  0.00841    243.22      243.22           0           0           0  14.2919   0.4598  0.2419 18.0000  0.0000    390660  0.9500
  0.00799    243.04     243.037           0           0           0  14.2919   0.4675  0.1504 18.0000  0.0000    397171  0.9500
  0.00759    242.84     242.841           0           0           0  14.2919   0.4495  0.2103 18.0000  0.0000    403682  0.9500
  0.00721     242.5     242.496           0           0           0  14.2919   0.4357  0.1058 18.0000  0.0000    410193  0.9500
  0.00685    242.34     242.343           0           0           0  14.2919   0.4386  0.0866 17.9230  0.0000    416704  0.9500
  0.00651    241.92     241.916           0           0           0  14.2919   0.4010  0.1133 17.8987  0.0000    423215  0.9500
  0.00618    241.74     241.743           0           0           0  14.2919   0.3970  0.1147 17.2009  0.0000    429726  0.9500
  0.00587    241.57     241.571           0           0           0  14.2919   0.3872  0.1264 16.4616  0.0000    436237  0.9500
  0.00558    241.38     241.376           0           0           0  14.2919   0.3720  0.0957 15.5923  0.0000    442748  0.9500
  0.00530    241.33     241.326           0           0           0  14.2919   0.3602  0.0788 14.5318  0.0000    449259  0.9500
  0.00504    241.12     241.121           0           0           0  14.2919   0.3562  0.0663 13.3716  0.0000    455770  0.9500
  0.00478    241.08     241.084           0           0           0  14.2919   0.3760  0.1058 12.2506  0.0000    462281  0.9500
  0.00455    240.98     240.979           0           0           0  14.2919   0.3491  0.0919 11.4663  0.0000    468792  0.9500
  0.00432    240.82     240.819           0           0           0  14.2919   0.3322  0.0529 10.4240  0.0000    475303  0.9500
  0.00410    240.66     240.656           0           0           0  14.2919   0.3222  0.0657  9.3004  0.0000    481814  0.9500
  0.00390    240.62     240.621           0           0           0  14.2919   0.3228  0.0470  8.2050  0.0000    488325  0.9500
  0.00370    240.51     240.507           0           0           0  14.2919   0.3018  0.0508  7.2437  0.0000    494836  0.9500
  0.00352    240.44     240.442           0           0           0  14.2919   0.3035  0.0297  6.2426  0.0000    501347  0.9500
  0.00334    240.43     240.426           0           0           0  14.2919   0.2972  0.0297  5.3904  0.0000    507858  0.9500
  0.00317    240.31     240.315           0           0           0  14.2919   0.2866  0.0748  4.6206  0.0000    514369  0.9500
  0.00302    240.18     240.183           0           0           0  14.2919   0.2631  0.0360  3.9118  0.0000    520880  0.9500
  0.00286    240.12     240.124           0           0           0  14.2919   0.2599  0.0184  3.2197  0.0000    527391  0.9500
  0.00272    240.14      240.14           0           0           0  14.2919   0.2513  0.0328  2.6398  0.0000    533902  0.9500
  0.00259    240.13     240.129           0           0           0  14.2919   0.2450  0.0120  2.1416  0.0000    540413  0.9500
  0.00246    240.04     240.044           0           0           0  14.2919   0.2477  0.0376  1.7239  0.0000    546924  0.9500
  0.00233    240.05     240.053           0           0           0  14.2919   0.2402  0.0308  1.3924  0.0000    553435  0.9500
  0.00222    239.95     239.954           0           0           0  14.2919   0.2299  0.0179  1.1142  0.0000    559946  0.9500
  0.00211     239.9     239.904           0           0           0  14.2919   0.2311  0.0061  1.0000  0.0000    566457  0.9500
  0.00200    239.91     239.913           0           0           0  14.2919   0.2167  0.0000  1.0000  0.0000    572968  0.9500
  0.00190    239.88     239.885           0           0           0  14.2919   0.2227  0.0243  1.0000  0.0000    579479  0.9500
  0.00181    239.82     239.819           0           0           0  14.2919   0.2170  0.0200  1.0000  0.0000    585990  0.9500
  0.00172     239.8     239.803           0           0           0  14.2919   0.2066  0.0000  1.0000  0.0000    592501  0.9500
  0.00163    239.81     239.815           0           0           0  14.2919   0.2190  0.0104  1.0000  0.0000    599012  0.9500
  0.00155     239.8     239.805           0           0           0  14.2919   0.2055  0.0159  1.0000  0.0000    605523  0.9500
  0.00147    239.78     239.778           0           0           0  14.2919   0.2043  0.0000  1.0000  0.0000    612034  0.9500
  0.00140    239.78      239.78           0           0           0  14.2919   0.2119  0.0000  1.0000  0.0000    618545  0.9500
  0.00133    239.78     239.779           0           0           0  14.2919   0.2133  0.0000  1.0000  0.0000    625056  0.9500
  0.00126    239.77     239.771           0           0           0  14.2919   0.2035  0.0000  1.0000  0.0000    631567  0.9500
  0.00120    239.77      239.77           0           0           0  14.2919   0.2043  0.0192  1.0000  0.0000    638078  0.9500
  0.00114    239.77     239.771           0           0           0  14.2919   0.1992  0.0046  1.0000  0.0000    644589  0.9500
  0.00108    239.77     239.767           0           0           0  14.2919   0.2053  0.0116  1.0000  0.0000    651100  0.9500
  0.00103    239.77      239.77           0           0           0  14.2919   0.2000  0.0134  1.0000  0.0000    657611  0.9500
  0.00098    239.77      239.77           0           0           0  14.2919   0.2064  0.0000  1.0000  0.0000    664122  0.9500
  0.00093    239.77     239.769           0           0           0  14.2919   0.2101  0.0000  1.0000  0.0000    670633  0.9500
  0.00088    239.77     239.772           0           0           0  14.2919   0.2129  0.0180  1.0000  0.0000    677144  0.9500
  0.00084    239.77     239.769           0           0           0  14.2919   0.2057  0.0163  1.0000  0.0000    683655  0.9500
  0.00079    239.77      239.77           0           0           0  14.2919   0.2038  0.0000  1.0000  0.0000    690166  0.9500
  0.00075    239.77     239.766           0           0           0  14.2919   0.2098  0.0000  1.0000  0.0000    696677  0.9500
  0.00072    239.76     239.763           0           0           0  14.2919   0.2123  0.0105  1.0000  0.0000    703188  0.9500
  0.00068    239.76     239.757           0           0           0  14.2919   0.2063  0.0244  1.0000  0.0000    709699  0.9500
  0.00065    239.76     239.757           0           0           0  14.2919   0.2144  0.0226  1.0000  0.0000    716210  0.9500
  0.00061    239.76     239.757           0           0           0  14.2919   0.2000  0.0000  1.0000  0.0000    722721  0.9500
  0.00000    239.75     239.753           0           0           0            0.1384  0.0146  1.0000  0.0000    729232
 12.50326    351.03      351.03           0           0           0  14.2919   0.9877  1.8496 18.0000  0.0000      6511  0.5000
  6.25163    348.92     348.919           0           0           0  14.2919   0.9848  2.0717 18.0000  0.0000     13022  0.5000
  3.12581    352.82     352.821           0           0           0  14.2919   0.9868  1.6669 18.0000  0.0000     19533  0.5000
  1.56291    347.22     347.218           0           0           0  14.2919   0.9770  1.1978 18.0000  0.0000     26044  0.5000
  0.78145       345     344.996           0           0           0  14.2919   0.9682  2.3880 18.0000  0.0000     32555  0.5000
  0.39073    338.55     338.547           0           0           0  14.2919   0.9512  1.4612 18.0000  0.0000     39066  0.9000
  0.35165    335.64     335.643           0           0           0  14.2919   0.9449  1.0585 18.0000  0.0000     45577  0.9000
  0.31649    335.03     335.033           0           0           0  14.2919   0.9487  1.0325 18.0000  0.0000     52088  0.9000
  0.28484    331.71     331.709           0           0           0  14.2919   0.9360  2.0554 18.0000  0.0000     58599  0.9000
  0.25636    325.81     325.807           0           0           0  14.2919   0.9350  1.0511 18.0000  0.0000     65110  0.9000
  0.23072     320.9     320.904           0           0           0  14.2919   0.9255  1.7340 18.0000  0.0000     71621  0.9000
  0.20765    317.27     317.268           0           0           0  14.2919   0.9189  1.6519 18.0000  0.0000     78132  0.9000
  0.18688    311.69     311.691           0           0           0  14.2919   0.9146  1.4383 18.0000  0.0000     84643  0.9000
  0.16820     307.7     307.699           0           0           0  14.2919   0.9097  2.2451 18.0000  0.0000     91154  0.9000
  0.15138     300.9     300.899           0           0           0  14.2919   0.8906  1.2948 18.0000  0.0000     97665  0.9000
  0.13624     297.7     297.697           0           0           0  14.2919   0.8906  1.5942 18.0000  0.0000    104176  0.9000
  0.12261    292.33     292.326           0           0           0  14.2919   0.8716  1.6792 18.0000  0.0000    110687  0.9000
  0.11035    288.21     288.206           0           0           0  14.2919   0.8607  1.3326 18.0000  0.0000    117198  0.9000
  0.09932    285.19     285.186           0           0           0  14.2919   0.8555  1.0642 18.0000  0.0000    123709  0.9000
  0.08939    281.87     281.867           0           0           0  14.2919   0.8443  1.1833 18.0000  0.0000    130220  0.9000
  0.08045    278.69     278.688           0           0           0  14.2919   0.8264  0.8467 18.0000  0.0000    136731  0.9000
  0.07240    277.29     277.292           0           0           0  14.2919   0.8152  0.5798 18.0000  0.0000    143242  0.9000
  0.06516    274.93     274.933           0           0           0  14.2919   0.7996  0.8082 18.0000  0.0000    149753  0.9500
  0.06190     273.9     273.897           0           0           0  14.2919   0.8177  0.3552 18.0000  0.0000    156264  0.9000
  0.05571    270.84      270.84           0           0           0  14.2919   0.7937  1.2638 18.0000  0.0000    162775  0.9500
  0.05293    269.58      269.58           0           0           0  14.2919   0.7701  0.4368 18.0000  0.0000    169286  0.9500
  0.05028    269.57     269.568           0           0           0  14.2919   0.7868  0.5579 18.0000  0.0000    175797  0.9500
  0.04777    268.22     268.223           0           0           0  14.2919   0.7782  0.4126 18.0000  0.0000    182308  0.9500
  0.04538    267.05     267.046           0           0           0  14.2919   0.7581  0.5030 18.0000  0.0000    188819  0.9500
  0.04311    265.84     265.839           0           0           0  14.2919   0.7457  0.6917 18.0000  0.0000    195330  0.9500
  0.04095    263.76     263.763           0           0           0  14.2919   0.7460  0.4929 18.0000  0.0000    201841  0.9500
  0.03891    262.66     262.662           0           0           0  14.2919   0.7252  0.4687 18.0000  0.0000    208352  0.9500
  0.03696    261.41      261.41           0           0           0  14.2919   0.7326  0.5581 18.0000  0.0000    214863  0.9500
  0.03511    259.96     259.961           0           0           0  14.2919   0.7237  0.3963 18.0000  0.0000    221374  0.9500
  0.03336    258.44     258.444           0           0           0  14.2919   0.7321  0.6169 18.0000  0.0000    227885  0.9500
  0.03169       257     256.997           0           0           0  14.2919   0.7165  0.6534 18.0000  0.0000    234396  0.9500
  0.03011    255.03     255.031           0           0           0  14.2919   0.7000  0.6708 18.0000  0.0000    240907  0.9500
  0.02860    253.75     253.746           0           0           0  14.2919   0.6976  0.4268 18.0000  0.0000    247418  0.9500
  0.02717    252.54     252.541           0           0           0  14.2919   0.6884  0.5921 18.0000  0.0000    253929  0.9500
  0.02581    250.93     250.926           0           0           0  14.2919   0.6833  0.4383 18.0000  0.0000    260440  0.9500
  0.02452    249.55     249.548           0           0           0  14.2919   0.6769  0.4100 18.0000  0.0000    266951  0.9500
  0.02330    248.29     248.286           0           0           0  14.2919   0.6620  0.3302 18.0000  0.0000    273462  0.9500
  0.02213    247.49     247.486           0           0           0  14.2919   0.6675  0.2275 18.0000  0.0000    279973  0.9500
  0.02102    246.64     246.639           0           0           0  14.2919   0.6687  0.3883 18.0000  0.0000    286484  0.9500
  0.01997    245.38     245.377           0           0           0  14.2919   0.6432  0.3095 18.0000  0.0000    292995  0.9500
  0.01897     244.4     244.398           0           0           0  14.2919   0.6335  0.3594 18.0000  0.0000    299506  0.9500
  0.01803    243.94     243.941           0           0           0  14.2919   0.6225  0.1742 18.0000  0.0000    306017  0.9500
  0.01712    243.66     243.656           0           0           0  14.2919   0.6242  0.3990 18.0000  0.0000    312528  0.9500
  0.01627    242.21     242.214           0           0           0  14.2919   0.5990  0.2442 18.0000  0.0000    319039  0.9500
  0.01545    242.04     242.042           0           0           0  14.2919   0.6136  0.1828 18.0000  0.0000    325550  0.9500
  0.01468    241.25     241.246           0           0           0  14.2919   0.6059  0.5000 18.0000  0.0000    332061  0.9500
  0.01395    240.11     240.112           0           0           0  14.2919   0.5786  0.3615 18.0000  0.0000    338572  0.9500
  0.01325    239.64      239.64           0           0           0  14.2919   0.5819  0.2015 18.0000  0.0000    345083  0.9500
  0.01259    239.18     239.176           0           0           0  14.2919   0.5752  0.2130 18.0000  0.0000    351594  0.9500
  0.01196    238.81     238.809           0           0           0  14.2919   0.5558  0.2164 18.0000  0.0000    358105  0.9500
  0.01136    238.04     238.039           0           0           0  14.2919   0.5477  0.1321 18.0000  0.0000    364616  0.9500
  0.01079    237.63     237.626           0           0           0  14.2919   0.5408  0.1476 18.0000  0.0000    371127  0.9500
  0.01025     237.6     237.602           0           0           0  14.2919   0.5448  0.0721 18.0000  0.0000    377638  0.9500
  0.00974    237.14     237.136           0           0           0  14.2919   0.5168  0.1655 18.0000  0.0000    384149  0.9500
  0.00925    236.81     236.815           0           0           0  14.2919   0.4976  0.1289 18.0000  0.0000    390660  0.9500
  0.00879    236.37     236.369           0           0           0  14.2919   0.4970  0.1443 18.0000  0.0000    397171  0.9500
  0.00835       236     235.999           0           0           0  14.2919   0.4962  0.0751 18.0000  0.0000    403682  0.9500
  0.00793    235.77     235.773           0           0           0  14.2919   0.4795  0.1210 18.0000  0.0000    410193  0.9500
  0.00754    235.46     235.463           0           0           0  14.2919   0.4644  0.1658 18.0000  0.0000    416704  0.9500
  0.00716    235.25     235.254           0           0           0  14.2919   0.4749  0.0763 18.0000  0.0000    423215  0.9500
  0.00680    235.04     235.041           0           0           0  14.2919   0.4520  0.1054 18.0000  0.0000    429726  0.9500
  0.00646    235.11     235.105           0           0           0  14.2919   0.4429  0.0753 18.0000  0.0000    436237  0.9500
  0.00614    234.78      234.78           0           0           0  14.2919   0.4322  0.0972 18.0000  0.0000    442748  0.9500
  0.00583    234.43     234.434           0           0           0  14.2919   0.4113  0.0556 17.8594  0.0000    449259  0.9500
  0.00554    234.35     234.348           0           0           0  14.2919   0.3933  0.0646 17.3470  0.0000    455770  0.9500
  0.00526    234.15     234.154           0           0           0  14.2919   0.3943  0.0906 16.5374  0.0000    462281  0.9500
  0.00500    234.04     234.037           0           0           0  14.2919   0.3921  0.0844 15.7810  0.0000    468792  0.9500
  0.00475    233.76     233.758           0           0           0  14.2919   0.3767  0.1030 15.0251  0.0000    475303  0.9500
  0.00451    233.62     233.624           0           0           0  14.2919   0.3786  0.0500 14.0748  0.0000    481814  0.9500
  0.00429    233.52     233.516           0           0           0  14.2919   0.3628  0.0486 13.2104  0.0000    488325  0.9500
  0.00407    233.33     233.329           0           0           0  14.2919   0.3394  0.0401 12.1902  0.0000    494836  0.9500
  0.00387    233.24     233.238           0           0           0  14.2919   0.3403  0.0608 10.9642  0.0000    501347  0.9500
  0.00368    233.12     233.123           0           0           0  14.2919   0.3440  0.0341  9.8716  0.0000    507858  0.9500
  0.00349    233.02     233.023           0           0           0  14.2919   0.3236  0.0287  8.9242  0.0000    514369  0.9500
  0.00332    232.98     232.977           0           0           0  14.2919   0.3170  0.0206  7.8855  0.0000    520880  0.9500
  0.00315    232.89     232.889           0           0           0  14.2919   0.3063  0.0372  6.9156  0.0000    527391  0.9500
  0.00299    232.85     232.852           0           0           0  14.2919   0.3012  0.0249  5.9906  0.0000    533902  0.9500
  0.00284    232.81     232.813           0           0           0  14.2919   0.3079  0.0250  5.1590  0.0000    540413  0.9500
  0.00270    232.75     232.755           0           0           0  14.2919   0.2952  0.0431  4.4777  0.0000    546924  0.9500
  0.00257    232.72     232.719           0           0           0  14.2919   0.2918  0.0253  3.8293  0.0000    553435  0.9500
  0.00244    232.72     232.719           0           0           0  14.2919   0.2914  0.0182  3.2619  0.0000    559946  0.9500
  0.00232    232.66     232.662           0           0           0  14.2919   0.2757  0.0145  2.7770  0.0000    566457  0.9500
  0.00220    232.64     232.635           0           0           0  14.2919   0.2792  0.0093  2.3207  0.0000    572968  0.9500
  0.00209    232.64      232.64           0           0           0  14.2919   0.2837  0.0248  1.9476  0.0000    579479  0.9500
  0.00199     232.6     232.601           0           0           0  14.2919   0.2778  0.0059  1.6431  0.0000    585990  0.9500
  0.00189    232.58     232.582           0           0           0  14.2919   0.2606  0.0145  1.3767  0.0000    592501  0.9500
  0.00179    232.58     232.578           0           0           0  14.2919   0.2703  0.0000  1.1297  0.0000    599012  0.9500
  0.00170    232.57     232.568           0           0           0  14.2919   0.2703  0.0178  1.0000  0.0000    605523  0.9500
  0.00162    232.58     232.579           0           0           0  14.2919   0.2616  0.0081  1.0000  0.0000    612034  0.9500
  0.00154    232.58      232.58           0           0           0  14.2919   0.2665  0.0136  1.0000  0.0000    618545  0.9500
  0.00146    232.55     232.548           0           0           0  14.2919   0.2597  0.0191  1.0000  0.0000    625056  0.9500
  0.00139    232.53     232.533           0           0           0  14.2919   0.2477  0.0000  1.0000  0.0000    631567  0.9500
  0.00132    232.53     232.532           0           0           0  14.2919   0.2522  0.0000  1.0000  0.0000    638078  0.9500
  0.00125    232.52     232.524           0           0           0  14.2919   0.2588  0.0167  1.0000  0.0000    644589  0.9500
  0.00119    232.53     232.528           0           0           0  14.2919   0.2551  0.0072  1.0000  0.0000    651100  0.9500
  0.00113    232.51     232.514           0           0           0  14.2919   0.2424  0.0000  1.0000  0.0000    657611  0.9500
  0.00107    232.51     232.509           0           0           0  14.2919   0.2566  0.0048  1.0000  0.0000    664122  0.9500
  0.00102    232.52     232.517           0           0           0  14.2919   0.2482  0.0107  1.0000  0.0000    670633  0.9500
  0.00097    232.52     232.518           0           0           0  14.2919   0.2513  0.0194  1.0000  0.0000    677144  0.9500
  0.00092    232.51     232.508           0           0           0  14.2919   0.2596  0.0000  1.0000  0.0000    683655  0.9500
  0.00087    232.51     232.514           0           0           0  14.2919   0.2451  0.0116  1.0000  0.0000    690166  0.9500
  0.00083    232.51      232.51           0           0           0  14.2919   0.2522  0.0192  1.0000  0.0000    696677  0.9500
  0.00079    232.51     232.508           0           0           0  14.2919   0.2413  0.0000  1.0000  0.0000    703188  0.9500
  0.00075    232.51     232.508           0           0           0  14.2919   0.2347  0.0000  1.0000  0.0000    709699  0.9500
  0.00071    232.51     232.507           0           0           0  14.2919   0.2385  0.0000  1.0000  0.0000    716210  0.9500
  0.00068    232.51     232.507           0           0           0  14.2919   0.2417  0.0158  1.0000  0.0000    722721  0.9500
  0.00064    232.51     232.506           0           0           0  14.2919   0.2376  0.0230  1.0000  0.0000    729232  0.9500
  0.00061    232.51     232.507           0           0           0  14.2919   0.2401  0.0209  1.0000  0.0000    735743  0.9500
  0.00000     232.5     232.502           0           0           0            0.1399  0.0111  1.0000  0.0000    742254
 14.89871    361.38     361.378           0           0           0  14.2919   0.9853  1.4747 18.0000  0.0000      6511  0.5000
  7.44935    360.57     360.575           0           0           0  14.2919   0.9839  1.5231 18.0000  0.0000     13022  0.5000
  3.72468    358.95     358.946           0           0           0  14.2919   0.9849  2.3538 18.0000  0.0000     19533  0.5000
  1.86234    354.82     354.818           0           0           0  14.2919   0.9806  1.7491 18.0000  0.0000     26044  0.5000
  0.93117       352     351.998           0           0           0  14.2919   0.9691  1.1051 18.0000  0.0000     32555  0.5000
  0.46558    347.62     347.622           0           0           0  14.2919   0.9525  1.6092 18.0000  0.0000     39066  0.9000
  0.41903    340.74     340.742           0           0           0  14.2919   0.9536  1.3900 18.0000  0.0000     45577  0.9000
  0.37712    337.51     337.511           0           0           0  14.2919   0.9464  1.1828 18.0000  0.0000     52088  0.9000
  0.33941    331.73     331.727           0           0           0  14.2919   0.9430  2.7552 18.0000  0.0000     58599  0.9000
  0.30547    327.81      327.81           0           0           0  14.2919   0.9349  2.7328 18.0000  0.0000     65110  0.9000
  0.27492    322.02     322.016           0           0           0  14.2919   0.9332  1.0482 18.0000  0.0000     71621  0.9000
  0.24743     315.7     315.699           0           0           0  14.2919   0.9226  2.8448 18.0000  0.0000     78132  0.9000
  0.22269    307.93     307.925           0           0           0  14.2919   0.9132  1.4978 18.0000  0.0000     84643  0.9000
  0.20042    307.31     307.312           0           0           0  14.2919   0.9125  1.5184 18.0000  0.0000     91154  0.9000
  0.18038    302.85      302.85           0           0           0  14.2919   0.9135  1.2625 18.0000  0.0000     97665  0.9000
  0.16234    297.99     297.988           0           0           0  14.2919   0.8969  1.9946 18.0000  0.0000    104176  0.9000
  0.14611    296.04     296.041           0           0           0  14.2919   0.8896  0.9725 18.0000  0.0000    110687  0.9000
  0.13149    293.16     293.159           0           0           0  14.2919   0.8847  0.9761 18.0000  0.0000    117198  0.9000
  0.11835    289.79     289.788           0           0           0  14.2919   0.8699  0.9401 18.0000  0.0000    123709  0.9000
  0.10651    287.29     287.288           0           0           0  14.2919   0.8556  1.4786 18.0000  0.0000    130220  0.9000
  0.09586    282.75     282.749           0           0           0  14.2919   0.8483  0.9933 18.0000  0.0000    136731  0.9000
  0.08627     280.3     280.304           0           0           0  14.2919   0.8417  1.0875 18.0000  0.0000    143242  0.9000
  0.07765    279.16     279.159           0           0           0  14.2919   0.8349  0.7571 18.0000  0.0000    149753  0.9000
  0.06988    275.35     275.347           0           0           0  14.2919   0.8103  1.0911 18.0000  0.0000    156264  0.9000
  0.06289    272.73     272.727           0           0           0  14.2919   0.8002  1.1384 18.0000  0.0000    162775  0.9000
  0.05660    271.04     271.037           0           0           0  14.2919   0.8011  0.6135 18.0000  0.0000    169286  0.9000
  0.05094    269.38     269.381           0           0           0  14.2919   0.7804  0.5041 18.0000  0.0000    175797  0.9500
  0.04840    269.09     269.086           0           0           0  14.2919   0.7810  1.0561 18.0000  0.0000    182308  0.9500
  0.04598    267.22     267.218           0           0           0  14.2919   0.7633  0.3032 18.0000  0.0000    188819  0.9500
  0.04368    265.48     265.475           0           0           0  14.2919   0.7527  0.6805 18.0000  0.0000    195330  0.9500
  0.04149    263.61     263.614           0           0           0  14.2919   0.7513  0.3930 18.0000  0.0000    201841  0.9500
  0.03942    262.53     262.535           0           0           0  14.2919   0.7378  0.3577 18.0000  0.0000    208352  0.9500
  0.03745    262.57     262.569           0           0           0  14.2919   0.7397  0.6266 18.0000  0.0000    214863  0.9500
  0.03558    260.88     260.876           0           0           0  14.2919   0.7242  0.4500 18.0000  0.0000    221374  0.9500
  0.03380    259.96     259.956           0           0           0  14.2919   0.7335  0.5643 18.0000  0.0000    227885  0.9500
  0.03211    257.73     257.734           0           0           0  14.2919   0.7186  0.5995 18.0000  0.0000    234396  0.9500
  0.03050    256.29     256.293           0           0           0  14.2919   0.7043  0.4108 18.0000  0.0000    240907  0.9500
  0.02898    255.74     255.738           0           0           0  14.2919   0.6967  0.1772 18.0000  0.0000    247418  0.9500
  0.02753    255.08     255.077           0           0           0  14.2919   0.6924  0.3152 18.0000  0.0000    253929  0.9500
  0.02615    253.74     253.745           0           0           0  14.2919   0.6792  0.5619 18.0000  0.0000    260440  0.9500
  0.02484    251.99     251.994           0           0           0  14.2919   0.6753  0.1950 18.0000  0.0000    266951  0.9500
  0.02360     250.7     250.696           0           0           0  14.2919   0.6769  0.5226 18.0000  0.0000    273462  0.9500
  0.02242    248.85     248.848           0           0           0  14.2919   0.6606  0.5567 18.0000  0.0000    279973  0.9500
  0.02130    247.62     247.619           0           0           0  14.2919   0.6517  0.4044 18.0000  0.0000    286484  0.9500
  0.02024    246.29     246.288           0           0           0  14.2919   0.6408  0.1781 18.0000  0.0000    292995  0.9500
  0.01922    245.65     245.646           0           0           0  14.2919   0.6349  0.2964 18.0000  0.0000    299506  0.9500
  0.01826    244.38     244.378           0           0           0  14.2919   0.6277  0.3121 18.0000  0.0000    306017  0.9500
  0.01735    243.41     243.413           0           0           0  14.2919   0.6143  0.1741 18.0000  0.0000    312528  0.9500
  0.01648    242.57     242.573           0           0           0  14.2919   0.5939  0.2319 18.0000  0.0000    319039  0.9500
  0.01566    241.95     241.953           0           0           0  14.2919   0.5973  0.1985 18.0000  0.0000    325550  0.9500
  0.01488    241.24     241.238           0           0           0  14.2919   0.5787  0.1610 18.0000  0.0000    332061  0.9500
  0.01413    240.21     240.209           0           0           0  14.2919   0.5727  0.4136 18.0000  0.0000    338572  0.9500
  0.01342    239.56     239.557           0           0           0  14.2919   0.5720  0.2209 18.0000  0.0000    345083  0.9500
  0.01275    239.04     239.045           0           0           0  14.2919   0.5594  0.2213 18.0000  0.0000    351594  0.9500
  0.01212    238.49     238.489           0           0           0  14.2919   0.5431  0.1835 18.0000  0.0000    358105  0.9500
  0.01151    237.64     237.644           0           0           0  14.2919   0.5425  0.1611 18.0000  0.0000    364616  0.9500
  0.01093    236.96     236.959           0           0           0  14.2919   0.5379  0.2537 18.0000  0.0000    371127  0.9500
  0.01039    236.48     236.481           0           0           0  14.2919   0.5311  0.2690 18.0000  0.0000    377638  0.9500
  0.00987    236.05     236.055           0           0           0  14.2919   0.5030  0.0996 18.0000  0.0000    384149  0.9500
  0.00937    235.56     235.556           0           0           0  14.2919   0.4926  0.2194 18.0000  0.0000    390660  0.9500
  0.00891    235.31     235.312           0           0           0  14.2919   0.4944  0.1379 18.0000  0.0000    397171  0.9500
  0.00846       235     234.999           0           0           0  14.2919   0.4767  0.0988 18.0000  0.0000    403682  0.9500
  0.00804    234.71     234.706           0           0           0  14.2919   0.4766  0.1368 18.0000  0.0000    410193  0.9500
  0.00764    234.45      234.45           0           0           0  14.2919   0.4585  0.1499 18.0000  0.0000    416704  0.9500
  0.00725    233.91     233.909           0           0           0  14.2919   0.4542  0.0992 18.0000  0.0000    423215  0.9500
  0.00689    233.67     233.671           0           0           0  14.2919   0.4362  0.0860 18.0000  0.0000    429726  0.9500
  0.00655    233.72      233.72           0           0           0  14.2919   0.4366  0.0929 17.9313  0.0000    436237  0.9500
  0.00622    233.49     233.492           0           0           0  14.2919   0.4259  0.1121 17.8712  0.0000    442748  0.9500
  0.00591    233.35     233.351           0           0           0  14.2919   0.4053  0.1359 17.6191  0.0000    449259  0.9500
  0.00561    232.96     232.963           0           0           0  14.2919   0.3973  0.0888 17.0080  0.0000    455770  0.9500
  0.00533    232.69     232.694           0           0           0  14.2919   0.3820  0.0633 16.2822  0.0000    462281  0.9500
  0.00507    232.61      232.61           0           0           0  14.2919   0.3686  0.0510 15.3373  0.0000    468792  0.9500
  0.00481    232.53     232.534           0           0           0  14.2919   0.3482  0.0763 14.2423  0.0000    475303  0.9500
  0.00457    232.41     232.413           0           0           0  14.2919   0.3594  0.0516 12.9346  0.0000    481814  0.9500
  0.00434    232.28     232.276           0           0           0  14.2919   0.3367  0.0479 11.8920  0.0000    488325  0.9500
  0.00413    232.14     232.137           0           0           0  14.2919   0.3316  0.0431 10.6631  0.0000    494836  0.9500
  0.00392    232.12     232.118           0           0           0  14.2919   0.3397  0.0645  9.5071  0.0000    501347  0.9500
  0.00372    231.96     231.962           0           0           0  14.2919   0.3278  0.0369  8.5539  0.0000    507858  0.9500
  0.00354     231.9     231.902           0           0           0  14.2919   0.3164  0.0429  7.5937  0.0000    514369  0.9500
  0.00336    231.81     231.808           0           0           0  14.2919   0.2955  0.0486  6.6550  0.0000    520880  0.9500
  0.00319    231.75     231.751           0           0           0  14.2919   0.3021  0.0393  5.6934  0.0000    527391  0.9500
  0.00303    231.71     231.708           0           0           0  14.2919   0.2897  0.0199  4.9083  0.0000    533902  0.9500
  0.00288    231.73     231.729           0           0           0  14.2919   0.2969  0.0298  4.1704  0.0000    540413  0.9500
  0.00274    231.55     231.555           0           0           0  14.2919   0.2705  0.0694  3.5735  0.0000    546924  0.9500
  0.00260    231.47     231.467           0           0           0  14.2919   0.2497  0.0174  2.9677  0.0000    553435  0.9500
  0.00247    231.48     231.483           0           0           0  14.2919   0.2645  0.0218  2.4030  0.0000    559946  0.9500
  0.00235    231.44     231.443           0           0           0  14.2919   0.2622  0.0117  1.9812  0.0000    566457  0.9500
  0.00223    231.46     231.462           0           0           0  14.2919   0.2591  0.0244  1.6289  0.0000    572968  0.9500
  0.00212    231.44     231.444           0           0           0  14.2919   0.2531  0.0195  1.3343  0.0000    579479  0.9500
  0.00201    231.43     231.425           0           0           0  14.2919   0.2414  0.0130  1.0849  0.0000    585990  0.9500
  0.00191    231.39     231.395           0           0           0  14.2919   0.2391  0.0093  1.0000  0.0000    592501  0.9500
  0.00182    231.37      231.37           0           0           0  14.2919   0.2431  0.0000  1.0000  0.0000    599012  0.9500
  0.00173    231.36     231.363           0           0           0  14.2919   0.2358  0.0194  1.0000  0.0000    605523  0.9500
  0.00164    231.34     231.335           0           0           0  14.2919   0.2316  0.0060  1.0000  0.0000    612034  0.9500
  0.00156    231.32     231.323           0           0           0  14.2919   0.2229  0.0000  1.0000  0.0000    618545  0.9500
  0.00148    231.32     231.322           0           0           0  14.2919   0.2364  0.0109  1.0000  0.0000    625056  0.9500
  0.00141    231.31     231.305           0           0           0  14.2919   0.2365  0.0124  1.0000  0.0000    631567  0.9500
  0.00133     231.3       231.3           0           0           0  14.2919   0.2325  0.0000  1.0000  0.0000    638078  0.9500
  0.00127     231.3     231.298           0           0           0  14.2919   0.2293  0.0000  1.0000  0.0000    644589  0.9500
  0.00120     231.3       231.3           0           0           0  14.2919   0.2315  0.0096  1.0000  0.0000    651100  0.9500
  0.00114     231.3       231.3           0           0           0  14.2919   0.2327  0.0084  1.0000  0.0000    657611  0.9500
  0.00109     231.3     231.298           0           0           0  14.2919   0.2408  0.0031  1.0000  0.0000    664122  0.9500
  0.00103     231.3     231.295           0           0           0  14.2919   0.2239  0.0144  1.0000  0.0000    670633  0.9500
  0.00098    231.29     231.292           0           0           0  14.2919   0.2284  0.0077  1.0000  0.0000    677144  0.9500
  0.00093    231.29     231.292           0           0           0  14.2919   0.2207  0.0000  1.0000  0.0000    683655  0.9500
  0.00089     231.3     231.296           0           0           0  14.2919   0.2247  0.0198  1.0000  0.0000    690166  0.9500
  0.00084    231.28     231.283           0           0           0  14.2919   0.2053  0.0091  1.0000  0.0000    696677  0.9500
  0.00080    231.28     231.285           0           0           0  14.2919   0.2235  0.0000  1.0000  0.0000    703188  0.9500
  0.00076    231.28     231.282           0           0           0  14.2919   0.2244  0.0000  1.0000  0.0000    709699  0.9500
  0.00072    231.28     231.279           0           0           0  14.2919   0.2310  0.0000  1.0000  0.0000    716210  0.9500
  0.00069    231.28      231.28           0           0           0  14.2919   0.2136  0.0000  1.0000  0.0000    722721  0.9500
  0.00065    231.28      231.28           0           0           0  14.2919   0.2232  0.0000  1.0000  0.0000    729232  0.9500
  0.00062    231.28      231.28           0           0           0  14.2919   0.2153  0.0091  1.0000  0.0000    735743  0.9500
  0.00000    231.28     231.278           0           0           0            0.1385  0.0000  1.0000  0.0000    742254
 14.65511    355.07      355.07           0           0           0  14.2919   0.9885  1.2279 18.0000  0.0000      6511  0.5000
  7.32755    354.93     354.927           0           0           0  14.2919   0.9868  1.0828 18.0000  0.0000     13022  0.5000
  3.66378    355.13     355.133           0           0           0  14.2919   0.9825  2.2073 18.0000  0.0000     19533  0.5000
  1.83189    352.05     352.054           0           0           0  14.2919   0.9823  1.3256 18.0000  0.0000     26044  0.5000
  0.91594    349.74     349.742           0           0           0  14.2919   0.9705  1.2320 18.0000  0.0000     32555  0.5000
  0.45797    345.83     345.834           0           0           0  14.2919   0.9504  2.1450 18.0000  0.0000     39066  0.9000
  0.41217    339.09     339.093           0           0           0  14.2919   0.9518  1.5704 18.0000  0.0000     45577  0.9000
  0.37096    335.34     335.341           0           0           0  14.2919   0.9501  1.2939 18.0000  0.0000     52088  0.9000
  0.33386    331.18     331.184           0           0           0  14.2919   0.9450  1.6284 18.0000  0.0000     58599  0.9000
  0.30048    327.04     327.043           0           0           0  14.2919   0.9396  1.1702 18.0000  0.0000     65110  0.9000
  0.27043    325.18     325.176           0           0           0  14.2919   0.9320  1.0363 18.0000  0.0000     71621  0.9000
  0.24339     320.1     320.096           0           0           0  14.2919   0.9326  1.9690 18.0000  0.0000     78132  0.9000
  0.21905    315.15     315.151           0           0           0  14.2919   0.9198  0.9601 18.0000  0.0000     84643  0.9000
  0.19714    313.74     313.744           0           0           0  14.2919   0.9164  1.2710 18.0000  0.0000     91154  0.9000
  0.17743    307.04     307.038           0           0           0  14.2919   0.9106  2.7567 18.0000  0.0000     97665  0.9000
  0.15969    302.34     302.344           0           0           0  14.2919   0.9002  2.3771 18.0000  0.0000    104176  0.9000
  0.14372    298.86     298.865           0           0           0  14.2919   0.8968  0.8102 18.0000  0.0000    110687  0.9000
  0.12934    293.96     293.959           0           0           0  14.2919   0.8820  1.0059 18.0000  0.0000    117198  0.9000
  0.11641    291.45     291.448           0           0           0  14.2919   0.8695  0.7242 18.0000  0.0000    123709  0.9000
  0.10477    288.98     288.983           0           0           0  14.2919   0.8622  0.9825 18.0000  0.0000    130220  0.9000
  0.09429    286.04     286.036           0           0           0  14.2919   0.8575  0.9818 18.0000  0.0000    136731  0.9000
  0.08486    282.19     282.194           0           0           0  14.2919   0.8410  1.7953 18.0000  0.0000    143242  0.9000
  0.07638     277.2     277.204           0           0           0  14.2919   0.8209  0.7506 18.0000  0.0000    149753  0.9000
  0.06874    275.73     275.727           0           0           0  14.2919   0.8142  0.6540 18.0000  0.0000    156264  0.9000
  0.06187    273.92     273.917           0           0           0  14.2919   0.8053  0.7263 18.0000  0.0000    162775  0.9000
  0.05568    271.21     271.208           0           0           0  14.2919   0.7861  0.6652 18.0000  0.0000    169286  0.9500
  0.05289    268.61     268.609           0           0           0  14.2919   0.7882  1.1739 18.0000  0.0000    175797  0.9500
  0.05025    266.36     266.362           0           0           0  14.2919   0.7707  0.4051 18.0000  0.0000    182308  0.9500
  0.04774    265.43     265.426           0           0           0  14.2919   0.7650  0.6074 18.0000  0.0000    188819  0.9500
  0.04535    264.05     264.055           0           0           0  14.2919   0.7669  0.4166 18.0000  0.0000    195330  0.9500
  0.04308    263.37     263.372           0           0           0  14.2919   0.7619  0.4976 18.0000  0.0000    201841  0.9500
  0.04093    261.53     261.534           0           0           0  14.2919   0.7510  0.5453 18.0000  0.0000    208352  0.9500
  0.03888    259.54     259.544           0           0           0  14.2919   0.7383  0.7167 18.0000  0.0000    214863  0.9500
  0.03694    258.53     258.532           0           0           0  14.2919   0.7343  0.3227 18.0000  0.0000    221374  0.9500
  0.03509     257.2     257.195           0           0           0  14.2919   0.7300  0.6493 18.0000  0.0000    227885  0.9500
  0.03334    255.71     255.709           0           0           0  14.2919   0.7162  0.3317 18.0000  0.0000    234396  0.9500
  0.03167       254     254.002           0           0           0  14.2919   0.7148  0.4276 18.0000  0.0000    240907  0.9500
  0.03009     251.9     251.903           0           0           0  14.2919   0.7071  0.6255 18.0000  0.0000    247418  0.9500
  0.02858    250.84      250.84           0           0           0  14.2919   0.6937  0.6621 18.0000  0.0000    253929  0.9500
  0.02715    249.47      249.47           0           0           0  14.2919   0.6885  0.4498 18.0000  0.0000    260440  0.9500
  0.02580    248.26     248.258           0           0           0  14.2919   0.6894  0.4051 18.0000  0.0000    266951  0.9500
  0.02451    247.14     247.143           0           0           0  14.2919   0.6773  0.5102 18.0000  0.0000    273462  0.9500
  0.02328    245.74     245.743           0           0           0  14.2919   0.6604  0.3846 18.0000  0.0000    279973  0.9500
  0.02212    245.39     245.385           0           0           0  14.2919   0.6630  0.1321 18.0000  0.0000    286484  0.9500
  0.02101    244.19     244.189           0           0           0  14.2919   0.6463  0.4176 18.0000  0.0000    292995  0.9500
  0.01996    243.41     243.406           0           0           0  14.2919   0.6355  0.2462 18.0000  0.0000    299506  0.9500
  0.01896    242.64     242.642           0           0           0  14.2919   0.6286  0.2574 18.0000  0.0000    306017  0.9500
  0.01801    241.66     241.656           0           0           0  14.2919   0.6295  0.4042 18.0000  0.0000    312528  0.9500
  0.01711    240.61     240.609           0           0           0  14.2919   0.6225  0.1457 18.0000  0.0000    319039  0.9500
  0.01626    239.83     239.826           0           0           0  14.2919   0.6216  0.1628 18.0000  0.0000    325550  0.9500
  0.01544    239.21     239.211           0           0           0  14.2919   0.6037  0.1473 18.0000  0.0000    332061  0.9500
  0.01467    238.73     238.732           0           0           0  14.2919   0.6025  0.2172 18.0000  0.0000    338572  0.9500
  0.01394    238.04     238.043           0           0           0  14.2919   0.5878  0.1684 18.0000  0.0000    345083  0.9500
  0.01324    237.61     237.612           0           0           0  14.2919   0.5859  0.2749 18.0000  0.0000    351594  0.9500
  0.01258    237.24     237.238           0           0           0  14.2919   0.5807  0.1724 18.0000  0.0000    358105  0.9500
  0.01195    236.48     236.482           0           0           0  14.2919   0.5575  0.2264 18.0000  0.0000    364616  0.9500
  0.01135    235.83     235.828           0           0           0  14.2919   0.5549  0.1884 18.0000  0.0000    371127  0.9500
  0.01079    235.39     235.387           0           0           0  14.2919   0.5294  0.1184 18.0000  0.0000    377638  0.9500
  0.01025    235.16     235.164           0           0           0  14.2919   0.5222  0.1482 18.0000  0.0000    384149  0.9500
  0.00973    234.74     234.738           0           0           0  14.2919   0.5317  0.2399 18.0000  0.0000    390660  0.9500
  0.00925    234.23     234.229           0           0           0  14.2919   0.5245  0.1825 18.0000  0.0000    397171  0.9500
  0.00878       234     234.005           0           0           0  14.2919   0.4955  0.1902 18.0000  0.0000    403682  0.9500
  0.00835    233.76     233.761           0           0           0  14.2919   0.4866  0.0977 18.0000  0.0000    410193  0.9500
  0.00793    233.55     233.546           0           0           0  14.2919   0.4843  0.1392 18.0000  0.0000    416704  0.9500
  0.00753    233.21     233.211           0           0           0  14.2919   0.4535  0.0914 18.0000  0.0000    423215  0.9500
  0.00716    232.97     232.972           0           0           0  14.2919   0.4612  0.1910 18.0000  0.0000    429726  0.9500
  0.00680    232.52      232.52           0           0           0  14.2919   0.4572  0.0971 18.0000  0.0000    436237  0.9500
  0.00646    232.16     232.161           0           0           0  14.2919   0.4368  0.1375 18.0000  0.0000    442748  0.9500
  0.00613    232.02      232.02           0           0           0  14.2919   0.4253  0.1282 17.9424  0.0000    449259  0.9500
  0.00583    231.68     231.676           0           0           0  14.2919   0.4230  0.1295 17.6783  0.0000    455770  0.9500
  0.00554    231.73     231.733           0           0           0  14.2919   0.4116  0.0683 17.3773  0.0000    462281  0.9500
  0.00526    231.39     231.391           0           0           0  14.2919   0.3973  0.1349 16.8840  0.0000    468792  0.9500
  0.00500    231.26     231.256           0           0           0  14.2919   0.3646  0.0326 16.1635  0.0000    475303  0.9500
  0.00475     231.1     231.102           0           0           0  14.2919   0.3706  0.1032 14.9450  0.0000    481814  0.9500
  0.00451    230.98     230.979           0           0           0  14.2919   0.3586  0.0631 13.9079  0.0000    488325  0.9500
  0.00428    230.94     230.944           0           0           0  14.2919   0.3502  0.0409 12.7761  0.0000    494836  0.9500
  0.00407     230.9     230.895           0           0           0  14.2919   0.3416  0.0443 11.6285  0.0000    501347  0.9500
  0.00387    230.84     230.842           0           0           0  14.2919   0.3382  0.0444 10.4840  0.0000    507858  0.9500
  0.00367    230.76     230.756           0           0           0  14.2919   0.3357  0.0279  9.4167  0.0000    514369  0.9500
  0.00349    230.65     230.651           0           0           0  14.2919   0.3221  0.0372  8.4349  0.0000    520880  0.9500
  0.00332    230.58     230.577           0           0           0  14.2919   0.3262  0.0363  7.4402  0.0000    527391  0.9500
  0.00315    230.45     230.454           0           0           0  14.2919   0.3050  0.0851  6.5936  0.0000    533902  0.9500
  0.00299    230.42     230.416           0           0           0  14.2919   0.2935  0.0228  5.7036  0.0000    540413  0.9500
  0.00284    230.31     230.306           0           0           0  14.2919   0.2783  0.0288  4.8681  0.0000    546924  0.9500
  0.00270    230.27     230.268           0           0           0  14.2919   0.2751  0.0408  4.0809  0.0000    553435  0.9500
  0.00257    230.27     230.273           0           0           0  14.2919   0.2783  0.0191  3.4078  0.0000    559946  0.9500
  0.00244    230.25     230.254           0           0           0  14.2919   0.2663  0.0544  2.8568  0.0000    566457  0.9500
  0.00232    230.21     230.212           0           0           0  14.2919   0.2680  0.0234  2.3606  0.0000    572968  0.9500
  0.00220    230.16     230.163           0           0           0  14.2919   0.2490  0.0330  1.9546  0.0000    579479  0.9500
  0.00209    230.14     230.143           0           0           0  14.2919   0.2453  0.0215  1.5812  0.0000    585990  0.9500
  0.00198    230.13     230.132           0           0           0  14.2919   0.2534  0.0204  1.2733  0.0000    592501  0.9500
  0.00189    230.15     230.148           0           0           0  14.2919   0.2520  0.0167  1.0357  0.0000    599012  0.9500
  0.00179    230.14     230.138           0           0           0  14.2919   0.2451  0.0162  1.0000  0.0000    605523  0.9500
  0.00170     230.1     230.101           0           0           0  14.2919   0.2593  0.0194  1.0000  0.0000    612034  0.9500
  0.00162    230.06     230.063           0           0           0  14.2919   0.2494  0.0022  1.0000  0.0000    618545  0.9500
  0.00154    230.06     230.055           0           0           0  14.2919   0.2422  0.0053  1.0000  0.0000    625056  0.9500
  0.00146    230.05     230.047           0           0           0  14.2919   0.2272  0.0000  1.0000  0.0000    631567  0.9500
  0.00139    230.04     230.044           0           0           0  14.2919   0.2344  0.0225  1.0000  0.0000    638078  0.9500
  0.00132    230.06      230.06           0           0           0  14.2919   0.2465  0.0063  1.0000  0.0000    644589  0.9500
  0.00125    230.05     230.053           0           0           0  14.2919   0.2358  0.0118  1.0000  0.0000    651100  0.9500
  0.00119    230.04     230.036           0           0           0  14.2919   0.2279  0.0000  1.0000  0.0000    657611  0.9500
  0.00113    230.04     230.035           0           0           0  14.2919   0.2316  0.0102  1.0000  0.0000    664122  0.9500
  0.00107    230.03     230.027           0           0           0  14.2919   0.2272  0.0176  1.0000  0.0000    670633  0.9500
  0.00102    230.02     230.018           0           0           0  14.2919   0.2255  0.0000  1.0000  0.0000    677144  0.9500
  0.00097    230.01      230.01           0           0           0  14.2919   0.2408  0.0184  1.0000  0.0000    683655  0.9500
  0.00092    230.01     230.009           0           0           0  14.2919   0.2233  0.0140  1.0000  0.0000    690166  0.9500
  0.00087       230         230           0           0           0  14.2919   0.2287  0.0000  1.0000  0.0000    696677  0.9500
  0.00083       230     230.003           0           0           0  14.2919   0.2382  0.0000  1.0000  0.0000    703188  0.9500
  0.00079       230     230.002           0           0           0  14.2919   0.2341  0.0000  1.0000  0.0000    709699  0.9500
  0.00075       230     229.999           0           0           0  14.2919   0.2298  0.0000  1.0000  0.0000    716210  0.9500
  0.00071       230     229.995           0           0           0  14.2919   0.2319  0.0000  1.0000  0.0000    722721  0.9500
  0.00068       230     229.996           0           0           0  14.2919   0.2213  0.0177  1.0000  0.0000    729232  0.9500
  0.00064       230     229.996           0           0           0  14.2919   0.2239  0.0208  1.0000  0.0000    735743  0.9500
  0.00061       230     229.998           0           0           0  14.2919   0.2384  0.0166  1.0000  0.0000    742254  0.9500
  0.00000    229.99     229.993           0           0           0            0.1525  0.0197  1.0000  0.0000    748765
 10.67518    352.45     352.454           0           0           0  14.2919   0.9857  1.1957 18.0000  0.0000      6511  0.5000
  5.33759    355.29     355.294           0           0           0  14.2919   0.9848  1.3739 18.0000  0.0000     13022  0.5000
  2.66880    356.04     356.038           0           0           0  14.2919   0.9833  2.0665 18.0000  0.0000     19533  0.5000
  1.33440    351.84     351.838           0           0           0  14.2919   0.9765  0.8049 18.0000  0.0000     26044  0.5000
  0.66720    349.01      349.01           0           0           0  14.2919   0.9691  2.2695 18.0000  0.0000     32555  0.5000
  0.33360    341.46     341.456           0           0           0  14.2919   0.9442  3.6216 18.0000  0.0000     39066  0.9000
  0.30024    333.99     333.994           0           0           0  14.2919   0.9395  0.9113 18.0000  0.0000     45577  0.9000
  0.27022     330.9       330.9           0           0           0  14.2919   0.9407  2.1913 18.0000  0.0000     52088  0.9000
  0.24319    323.99     323.986           0           0           0  14.2919   0.9255  2.0026 18.0000  0.0000     58599  0.9000
  0.21887    318.16     318.158           0           0           0  14.2919   0.9158  1.4642 18.0000  0.0000     65110  0.9000
  0.19699     312.3     312.297           0           0           0  14.2919   0.9158  2.6543 18.0000  0.0000     71621  0.9000
  0.17729    307.67     307.668           0           0           0  14.2919   0.9000  1.6059 18.0000  0.0000     78132  0.9000
  0.15956    304.76     304.755           0           0           0  14.2919   0.9068  1.4760 18.0000  0.0000     84643  0.9000
  0.14360    299.62      299.62           0           0           0  14.2919   0.8880  1.3047 18.0000  0.0000     91154  0.9000
  0.12924    296.95     296.945           0           0           0  14.2919   0.8891  1.3819 18.0000  0.0000     97665  0.9000
  0.11632    294.27     294.268           0           0           0  14.2919   0.8785  0.8908 18.0000  0.0000    104176  0.9000
  0.10469    291.88     291.883           0           0           0  14.2919   0.8676  0.9344 18.0000  0.0000    110687  0.9000
  0.09422     289.5     289.498           0           0           0  14.2919   0.8555  1.0412 18.0000  0.0000    117198  0.9000
  0.08480    288.21      288.21           0           0           0  14.2919   0.8501  0.8450 18.0000  0.0000    123709  0.9000
  0.07632    283.36     283.361           0           0           0  14.2919   0.8289  2.5498 18.0000  0.0000    130220  0.9000
  0.06869    279.47     279.473           0           0           0  14.2919   0.8183  0.3938 18.0000  0.0000    136731  0.9000
  0.06182    277.65     277.646           0           0           0  14.2919   0.8171  1.3906 18.0000  0.0000    143242  0.9000
  0.05563     274.6     274.605           0           0           0  14.2919   0.7888  0.7072 18.0000  0.0000    149753  0.9500
  0.05285    272.05     272.054           0           0           0  14.2919   0.7765  0.8106 18.0000  0.0000    156264  0.9500
  0.05021     269.9     269.895           0           0           0  14.2919   0.7847  0.7621 18.0000  0.0000    162775  0.9500
  0.04770    268.49     268.491           0           0           0  14.2919   0.7702  0.5204 18.0000  0.0000    169286  0.9500
  0.04532    266.84     266.841           0           0           0  14.2919   0.7644  0.2234 18.0000  0.0000    175797  0.9500
  0.04305    266.04     266.037           0           0           0  14.2919   0.7455  0.3417 18.0000  0.0000    182308  0.9500
  0.04090    265.74     265.736           0           0           0  14.2919   0.7536  0.3199 18.0000  0.0000    188819  0.9500
  0.03885    263.36     263.357           0           0           0  14.2919   0.7489  1.0146 18.0000  0.0000    195330  0.9500
  0.03691    261.54     261.537           0           0           0  14.2919   0.7180  0.2404 18.0000  0.0000    201841  0.9500
  0.03506    260.74      260.74           0           0           0  14.2919   0.7171  0.4895 18.0000  0.0000    208352  0.9500
  0.03331    259.65     259.652           0           0           0  14.2919   0.7197  0.6690 18.0000  0.0000    214863  0.9500
  0.03165    258.27     258.268           0           0           0  14.2919   0.7077  0.3768 18.0000  0.0000    221374  0.9500
  0.03006    257.43     257.428           0           0           0  14.2919   0.7165  0.5388 18.0000  0.0000    227885  0.9500
  0.02856    255.72     255.724           0           0           0  14.2919   0.6953  0.3767 18.0000  0.0000    234396  0.9500
  0.02713    254.28     254.282           0           0           0  14.2919   0.6859  0.5236 18.0000  0.0000    240907  0.9500
  0.02578    252.82     252.824           0           0           0  14.2919   0.6787  0.1774 18.0000  0.0000    247418  0.9500
  0.02449    252.52     252.516           0           0           0  14.2919   0.6772  0.1877 18.0000  0.0000    253929  0.9500
  0.02326    251.53     251.529           0           0           0  14.2919   0.6744  0.2412 18.0000  0.0000    260440  0.9500
  0.02210    250.22     250.217           0           0           0  14.2919   0.6627  0.4977 18.0000  0.0000    266951  0.9500
  0.02099    249.24     249.241           0           0           0  14.2919   0.6586  0.2789 18.0000  0.0000    273462  0.9500
  0.01994    247.96     247.956           0           0           0  14.2919   0.6403  0.4415 18.0000  0.0000    279973  0.9500
  0.01895     246.9     246.901           0           0           0  14.2919   0.6237  0.1850 18.0000  0.0000    286484  0.9500
  0.01800     246.4     246.401           0           0           0  14.2919   0.6213  0.2574 18.0000  0.0000    292995  0.9500
  0.01710     245.4     245.404           0           0           0  14.2919   0.6199  0.2411 18.0000  0.0000    299506  0.9500
  0.01624    244.33     244.328           0           0           0  14.2919   0.6170  0.3836 18.0000  0.0000    306017  0.9500
  0.01543     243.1     243.103           0           0           0  14.2919   0.6027  0.2722 18.0000  0.0000    312528  0.9500
  0.01466    242.64     242.642           0           0           0  14.2919   0.5802  0.1646 18.0000  0.0000    319039  0.9500
  0.01393    241.61     241.606           0           0           0  14.2919   0.5787  0.3097 18.0000  0.0000    325550  0.9500
  0.01323    241.17     241.171           0           0           0  14.2919   0.5789  0.2051 18.0000  0.0000    332061  0.9500
  0.01257    240.53     240.525           0           0           0  14.2919   0.5604  0.1472 18.0000  0.0000    338572  0.9500
  0.01194    239.64     239.639           0           0           0  14.2919   0.5574  0.1779 18.0000  0.0000    345083  0.9500
  0.01134    239.35     239.354           0           0           0  14.2919   0.5474  0.1436 18.0000  0.0000    351594  0.9500
  0.01078    239.07     239.067           0           0           0  14.2919   0.5336  0.2414 18.0000  0.0000    358105  0.9500
  0.01024    238.65     238.653           0           0           0  14.2919   0.5188  0.1810 18.0000  0.0000    364616  0.9500
  0.00973     238.1     238.099           0           0           0  14.2919   0.5167  0.1723 18.0000  0.0000    371127  0.9500
  0.00924    237.54     237.536           0           0           0  14.2919   0.4807  0.1264 18.0000  0.0000    377638  0.9500
  0.00878    237.15     237.148           0           0           0  14.2919   0.4884  0.1035 18.0000  0.0000    384149  0.9500
  0.00834    236.85     236.847           0           0           0  14.2919   0.4813  0.1227 18.0000  0.0000    390660  0.9500
  0.00792     236.6     236.596           0           0           0  14.2919   0.4637  0.0829 18.0000  0.0000    397171  0.9500
  0.00753    236.39     236.387           0           0           0  14.2919   0.4528  0.1616 18.0000  0.0000    403682  0.9500
  0.00715    236.08     236.077           0           0           0  14.2919   0.4396  0.1188 18.0000  0.0000    410193  0.9500
  0.00679    235.91     235.909           0           0           0  14.2919   0.4396  0.1484 17.9921  0.0000    416704  0.9500
  0.00645    235.46     235.458           0           0           0  14.2919   0.4327  0.0724 17.9843  0.0000    423215  0.9500
  0.00613    235.33     235.334           0           0           0  14.2919   0.4058  0.0792 17.8522  0.0000    429726  0.9500
  0.00582    235.19      235.19           0           0           0  14.2919   0.4081  0.0543 17.2412  0.0000    436237  0.9500
  0.00553     234.9     234.904           0           0           0  14.2919   0.3893  0.1197 16.6908  0.0000    442748  0.9500
  0.00526    234.93     234.931           0           0           0  14.2919   0.3909  0.0815 15.8453  0.0000    449259  0.9500
  0.00499    234.71     234.707           0           0           0  14.2919   0.3775  0.0573 15.0669  0.0000    455770  0.9500
  0.00474    234.62     234.622           0           0           0  14.2919   0.3775  0.0876 14.1254  0.0000    462281  0.9500
  0.00451    234.47     234.466           0           0           0  14.2919   0.3645  0.0522 13.2428  0.0000    468792  0.9500
  0.00428    234.43     234.434           0           0           0  14.2919   0.3611  0.0379 12.2425  0.0000    475303  0.9500
  0.00407    234.29     234.293           0           0           0  14.2919   0.3419  0.0831 11.2763  0.0000    481814  0.9500
  0.00386    234.17     234.168           0           0           0  14.2919   0.3301  0.0318 10.1699  0.0000    488325  0.9500
  0.00367    234.09     234.087           0           0           0  14.2919   0.3227  0.0403  9.0518  0.0000    494836  0.9500
  0.00349    233.97     233.971           0           0           0  14.2919   0.3176  0.0639  7.9899  0.0000    501347  0.9500
  0.00331    233.91     233.908           0           0           0  14.2919   0.3061  0.0370  7.0120  0.0000    507858  0.9500
  0.00315    233.87     233.875           0           0           0  14.2919   0.2900  0.0195  6.0731  0.0000    514369  0.9500
  0.00299    233.78     233.779           0           0           0  14.2919   0.2877  0.0375  5.1620  0.0000    520880  0.9500
  0.00284    233.74     233.739           0           0           0  14.2919   0.2752  0.0301  4.3756  0.0000    527391  0.9500
  0.00270    233.68     233.675           0           0           0  14.2919   0.2783  0.0404  3.6546  0.0000    533902  0.9500
  0.00256    233.64     233.641           0           0           0  14.2919   0.2714  0.0162  3.0637  0.0000    540413  0.9500
  0.00243    233.59     233.592           0           0           0  14.2919   0.2536  0.0355  2.5471  0.0000    546924  0.9500
  0.00231    233.57      233.57           0           0           0  14.2919   0.2579  0.0223  2.0722  0.0000    553435  0.9500
  0.00220    233.52     233.523           0           0           0  14.2919   0.2456  0.0181  1.6948  0.0000    559946  0.9500
  0.00209     233.5     233.499           0           0           0  14.2919   0.2493  0.0136  1.3653  0.0000    566457  0.9500
  0.00198     233.5     233.498           0           0           0  14.2919   0.2470  0.0114  1.1049  0.0000    572968  0.9500
  0.00188    233.51     233.513           0           0           0  14.2919   0.2559  0.0000  1.0000  0.0000    579479  0.9500
  0.00179     233.5     233.498           0           0           0  14.2919   0.2530  0.0101  1.0000  0.0000    585990  0.9500
  0.00170    233.48     233.475           0           0           0  14.2919   0.2551  0.0223  1.0000  0.0000    592501  0.9500
  0.00162    233.46     233.457           0           0           0  14.2919   0.2468  0.0092  1.0000  0.0000    599012  0.9500
  0.00153    233.47     233.471           0           0           0  14.2919   0.2425  0.0000  1.0000  0.0000    605523  0.9500
  0.00146    233.45     233.446           0           0           0  14.2919   0.2411  0.0122  1.0000  0.0000    612034  0.9500
  0.00138    233.44      233.44           0           0           0  14.2919   0.2381  0.0000  1.0000  0.0000    618545  0.9500
  0.00132    233.44     233.441           0           0           0  14.2919   0.2379  0.0000  1.0000  0.0000    625056  0.9500
  0.00125    233.44     233.437           0           0           0  14.2919   0.2338  0.0000  1.0000  0.0000    631567  0.9500
  0.00119    233.43     233.428           0           0           0  14.2919   0.2295  0.0070  1.0000  0.0000    638078  0.9500
  0.00113    233.42     233.424           0           0           0  14.2919   0.2336  0.0202  1.0000  0.0000    644589  0.9500
  0.00107    233.43     233.431           0           0           0  14.2919   0.2364  0.0059  1.0000  0.0000    651100  0.9500
  0.00102    233.42     233.419           0           0           0  14.2919   0.2396  0.0110  1.0000  0.0000    657611  0.9500
  0.00097    233.41     233.414           0           0           0  14.2919   0.2490  0.0000  1.0000  0.0000    664122  0.9500
  0.00092    233.41     233.408           0           0           0  14.2919   0.2368  0.0000  1.0000  0.0000    670633  0.9500
  0.00087     233.4     233.405           0           0           0  14.2919   0.2339  0.0000  1.0000  0.0000    677144  0.9500
  0.00083     233.4     233.402           0           0           0  14.2919   0.2270  0.0117  1.0000  0.0000    683655  0.9500
  0.00079     233.4     233.398           0           0           0  14.2919   0.2287  0.0067  1.0000  0.0000    690166  0.9500
  0.00075     233.4     233.398           0           0           0  14.2919   0.2305  0.0137  1.0000  0.0000    696677  0.9500
  0.00071    233.39     233.393           0           0           0  14.2919   0.2221  0.0083  1.0000  0.0000    703188  0.9500
  0.00068    233.39     233.394           0           0           0  14.2919   0.2258  0.0208  1.0000  0.0000    709699  0.9500
  0.00064    233.39     233.391           0           0           0  14.2919   0.2219  0.0000  1.0000  0.0000    716210  0.9500
  0.00061    233.39     233.394           0           0           0  14.2919   0.2284  0.0205  1.0000  0.0000    722721  0.9500
  0.00000    233.39     233.393           0           0           0            0.1511  0.0224  1.0000  0.0000    729232
