 37.22134    264.51     264.513           0           0           0  35.0499   0.9962  3.6801 18.0000  0.0000      1857  0.5000
 18.61067    262.94     262.942           0           0           0  35.0499   0.9941  3.6035 18.0000  0.0000      3714  0.5000
  9.30534    261.38     261.379           0           0           0  35.0499   0.9806  4.7687 18.0000  0.0000      5571  0.5000
  4.65267    261.38     261.384           0           0           0  35.0499   0.9602  4.6696 18.0000  0.0000      7428  0.5000
  2.32633    259.04     259.044           0           0           0  35.0499   0.9251  2.7895 18.0000  0.0000      9285  0.9000
  2.09370     259.9     259.901           0           0           0  35.0499   0.9192  2.6909 18.0000  0.0000     11142  0.9000
  1.88433    256.71     256.712           0           0           0  35.0499   0.9144  4.2504 18.0000  0.0000     12999  0.9000
  1.69590    258.77     258.767           0           0           0  35.0499   0.9004  2.6994 18.0000  0.0000     14856  0.9000
  1.52631    255.81     255.806           0           0           0  35.0499   0.8794  3.8945 18.0000  0.0000     16713  0.9000
  1.37368    255.65     255.652           0           0           0  35.0499   0.8794  3.8825 18.0000  0.0000     18570  0.9000
  1.23631    251.56     251.557           0           0           0  35.0499   0.8595  3.7834 18.0000  0.0000     20427  0.9000
  1.11268    249.11     249.111           0           0           0  35.0499   0.8422  2.9105 18.0000  0.0000     22284  0.9000
  1.00141    249.52     249.521           0           0           0  35.0499   0.8013  3.4356 18.0000  0.0000     24141  0.9000
  0.90127    246.79      246.79           0           0           0  35.0499   0.7889  2.8438 18.0000  0.0000     25998  0.9500
  0.85621    247.14     247.142           0           0           0  35.0499   0.7927  4.4468 18.0000  0.0000     27855  0.9500
  0.81340    244.56     244.558           0           0           0  35.0499   0.7997  3.4508 18.0000  0.0000     29712  0.9500
  0.77273    244.91     244.909           0           0           0  35.0499   0.7830  4.2692 18.0000  0.0000     31569  0.9500
  0.73409    242.13     242.129           0           0           0  35.0499   0.7631  2.9337 18.0000  0.0000     33426  0.9500
  0.69738     239.9     239.902           0           0           0  35.0499   0.7356  2.9387 18.0000  0.0000     35283  0.9500
  0.66252    243.38     243.377           0           0           0  35.0499   0.7361  3.6558 18.0000  0.0000     37140  0.9500
  0.62939    241.84     241.844           0           0           0  35.0499   0.7227  2.2983 18.0000  0.0000     38997  0.9500
  0.59792    239.59     239.588           0           0           0  35.0499   0.6990  2.6480 18.0000  0.0000     40854  0.9500
  0.56802    239.78     239.785           0           0           0  35.0499   0.6957  3.8184 18.0000  0.0000     42711  0.9500
  0.53962    238.46     238.456           0           0           0  35.0499   0.6979  4.6361 18.0000  0.0000     44568  0.9500
  0.51264    231.06     231.062           0           0           0  35.0499   0.6656  2.8332 18.0000  0.0000     46425  0.9500
  0.48701    228.96     228.962           0           0           0  35.0499   0.6435  2.5643 18.0000  0.0000     48282  0.9500
  0.46266    227.58     227.582           0           0           0  35.0499   0.6392  2.4179 18.0000  0.0000     50139  0.9500
  0.43953    231.53     231.531           0           0           0  35.0499   0.6306  1.9313 18.0000  0.0000     51996  0.9500
  0.41755    226.14     226.137           0           0           0  35.0499   0.5977  1.9047 18.0000  0.0000     53853  0.9500
  0.39667    224.06     224.058           0           0           0  35.0499   0.5703  2.0569 18.0000  0.0000     55710  0.9500
  0.37684    221.23     221.228           0           0           0  35.0499   0.5627  2.8763 18.0000  0.0000     57567  0.9500
  0.35800    220.81     220.813           0           0           0  35.0499   0.5541  3.0316 18.0000  0.0000     59424  0.9500
  0.34010     216.4     216.395           0           0           0  35.0499   0.5153  2.9972 18.0000  0.0000     61281  0.9500
  0.32309    212.48     212.481           0           0           0  35.0499   0.5073  1.6335 18.0000  0.0000     63138  0.9500
  0.30694    213.62     213.616           0           0           0  35.0499   0.5035  2.3648 18.0000  0.0000     64995  0.9500
  0.29159    209.02      209.02           0           0           0  35.0499   0.4820  2.7046 18.0000  0.0000     66852  0.9500
  0.27701    204.03     204.033           0           0           0  35.0499   0.4540  1.2824 18.0000  0.0000     68709  0.9500
  0.26316    201.58      201.58           0           0           0  35.0499   0.4313  1.5421 18.0000  0.0000     70566  0.9500
  0.25000    201.93     201.928           0           0           0  35.0499   0.4658  1.8759 17.8441  0.0000     72423  0.9500
  0.23750    200.44     200.442           0           0           0  35.0499   0.4227  2.1728 18.0000  0.0000     74280  0.9500
  0.22563    190.78     190.781           0           0           0  35.0499   0.3850  2.7247 17.6890  0.0000     76137  0.9500
  0.21435     188.4     188.401           0           0           0  35.0499   0.4093  1.4446 16.7167  0.0000     77994  0.9500
  0.20363    185.41     185.406           0           0           0  35.0499   0.3823  2.4554 16.2028  0.0000     79851  0.9500
  0.19345    177.85     177.848           0           0           0  35.0499   0.3452  0.9012 15.2685  0.0000     81708  0.9500
  0.18377    174.99     174.994           0           0           0  35.0499   0.3549  1.3343 13.8208  0.0000     83565  0.9500
  0.17459    171.34     171.339           0           0           0  35.0499   0.3603  0.6901 12.6443  0.0000     85422  0.9500
  0.16586    169.42      169.42           0           0           0  35.0499   0.3500  1.7937 11.6360  0.0000     87279  0.9500
  0.15756    170.65     170.646           0           0           0  35.0499   0.3640  1.1167 10.5891  0.0000     89136  0.9500
  0.14969    169.25     169.254           0           0           0  35.0499   0.3753  0.8241  9.7846  0.0000     90993  0.9500
  0.14220    166.84     166.838           0           0           0  35.0499   0.3737  0.8253  9.1519  0.0000     92850  0.9500
  0.13509    163.61     163.614           0           0           0  35.0499   0.3856  0.8563  8.5453  0.0000     94707  0.9500
  0.12834    160.26     160.257           0           0           0  35.0499   0.3775  0.6266  8.0802  0.0000     96564  0.9500
  0.12192    158.26     158.261           0           0           0  35.0499   0.3807  0.8165  7.5751  0.0000     98421  0.9500
  0.11582    157.85     157.848           0           0           0  35.0499   0.3802  1.7198  7.1260  0.0000    100278  0.9500
  0.11003    156.33      156.33           0           0           0  35.0499   0.3770  0.6046  6.6998  0.0000    102135  0.9500
  0.10453    154.14     154.141           0           0           0  35.0499   0.4006  0.6730  6.2774  0.0000    103992  0.9500
  0.09930    153.06     153.058           0           0           0  35.0499   0.3947  0.7828  6.0303  0.0000    105849  0.9500
  0.09434    151.46     151.462           0           0           0  35.0499   0.4292  0.3802  5.7573  0.0000    107706  0.9500
  0.08962    149.84     149.843           0           0           0  35.0499   0.3942  0.9503  5.6950  0.0000    109563  0.9500
  0.08514    148.61     148.606           0           0           0  35.0499   0.3786  0.8196  5.4341  0.0000    111420  0.9500
  0.08088    148.37     148.373           0           0           0  35.0499   0.3581  0.4202  5.1003  0.0000    113277  0.9500
  0.07684    147.21     147.207           0           0           0  35.0499   0.4071  0.4755  4.6826  0.0000    115134  0.9500
  0.07300    146.66     146.658           0           0           0  35.0499   0.3624  0.3923  4.5286  0.0000    116991  0.9500
  0.06935    146.26     146.262           0           0           0  35.0499   0.3931  0.3290  4.1772  0.0000    118848  0.9500
  0.06588    145.12      145.12           0           0           0  35.0499   0.4410  0.5476  3.9813  0.0000    120705  0.9500
  0.06259    143.29     143.293           0           0           0  35.0499   0.3893  0.4500  3.9855  0.0000    122562  0.9500
  0.05946    142.14      142.14           0           0           0  35.0499   0.3850  0.6602  3.7835  0.0000    124419  0.9500
  0.05648    140.08     140.076           0           0           0  35.0499   0.3737  0.6585  3.5756  0.0000    126276  0.9500
  0.05366    139.09     139.086           0           0           0  35.0499   0.3570  0.3382  3.3386  0.0000    128133  0.9500
  0.05098    138.43     138.427           0           0           0  35.0499   0.3613  0.3588  3.0616  0.0000    129990  0.9500
  0.04843    138.26     138.256           0           0           0  35.0499   0.4184  0.7845  2.8207  0.0000    131847  0.9500
  0.04601    136.99     136.989           0           0           0  35.0499   0.4033  0.3102  2.7599  0.0000    133704  0.9500
  0.04371    137.11     137.106           0           0           0  35.0499   0.4087  0.3272  2.6587  0.0000    135561  0.9500
  0.04152    136.75     136.753           0           0           0  35.0499   0.3818  0.3306  2.5755  0.0000    137418  0.9500
  0.03945    135.36     135.362           0           0           0  35.0499   0.3667  0.3505  2.4256  0.0000    139275  0.9500
  0.03747    135.38     135.382           0           0           0  35.0499   0.3489  0.2709  2.2479  0.0000    141132  0.9500
  0.03560    134.74     134.743           0           0           0  35.0499   0.3446  0.1608  2.0432  0.0000    142989  0.9500
  0.03382    134.04     134.042           0           0           0  35.0499   0.4513  0.3182  1.8484  0.0000    144846  0.9500
  0.03213    133.68     133.678           0           0           0  35.0499   0.4540  0.2244  1.8692  0.0000    146703  0.9500
  0.03052    133.23     133.226           0           0           0  35.0499   0.4330  0.2729  1.8953  0.0000    148560  0.9500
  0.02900    132.53     132.532           0           0           0  35.0499   0.4351  0.2954  1.8819  0.0000    150417  0.9500
  0.02755     131.8     131.798           0           0           0  35.0499   0.4028  0.1741  1.8727  0.0000    152274  0.9500
  0.02617    131.14     131.142           0           0           0  35.0499   0.3883  0.1879  1.8031  0.0000    154131  0.9500
  0.02486     131.2     131.196           0           0           0  35.0499   0.3840  0.1258  1.7098  0.0000    155988  0.9500
  0.02362     130.9     130.903           0           0           0  35.0499   0.3764  0.1186  1.6139  0.0000    157845  0.9500
  0.02244    130.89     130.886           0           0           0  35.0499   0.3457  0.1917  1.5113  0.0000    159702  0.9500
  0.02131    130.74     130.743           0           0           0  35.0499   0.3296  0.1093  1.3688  0.0000    161559  0.9500
  0.02025    130.54     130.538           0           0           0  35.0499   0.3549  0.0951  1.2177  0.0000    163416  0.9500
  0.01924    130.06     130.059           0           0           0  35.0499   0.3382  0.2337  1.1140  0.0000    165273  0.9500
  0.01827    129.62     129.617           0           0           0  35.0499   0.3183  0.1386  1.0006  0.0000    167130  0.9500
  0.01736    129.36     129.363           0           0           0  35.0499   0.3220  0.1556  1.0000  0.0000    168987  0.9500
  0.01649    129.31     129.314           0           0           0  35.0499   0.3199  0.1256  1.0000  0.0000    170844  0.9500
  0.01567    129.35      129.35           0           0           0  35.0499   0.3193  0.1044  1.0000  0.0000    172701  0.9500
  0.01488    129.16     129.156           0           0           0  35.0499   0.2973  0.1353  1.0000  0.0000    174558  0.9500
  0.01414    128.82     128.823           0           0           0  35.0499   0.2843  0.0458  1.0000  0.0000    176415  0.9500
  0.01343    128.71      128.71           0           0           0  35.0499   0.2940  0.1265  1.0000  0.0000    178272  0.9500
  0.01276    128.71     128.706           0           0           0  35.0499   0.2892  0.0485  1.0000  0.0000    180129  0.9500
  0.01212    128.68     128.677           0           0           0  35.0499   0.2693  0.1307  1.0000  0.0000    181986  0.9500
  0.01152    128.57     128.574           0           0           0  35.0499   0.2472  0.1008  1.0000  0.0000    183843  0.9500
  0.01094    128.32     128.322           0           0           0  35.0499   0.2493  0.0920  1.0000  0.0000    185700  0.9500
  0.01039     128.1     128.098           0           0           0  35.0499   0.2321  0.1341  1.0000  0.0000    187557  0.9500
  0.00987    128.22     128.223           0           0           0  35.0499   0.2623  0.0990  1.0000  0.0000    189414  0.9500
  0.00938    128.03     128.034           0           0           0  35.0499   0.2326  0.0435  1.0000  0.0000    191271  0.9500
  0.00891    127.91     127.915           0           0           0  35.0499   0.2240  0.0635  1.0000  0.0000    193128  0.9500
  0.00847    127.83     127.827           0           0           0  35.0499   0.2052  0.0350  1.0000  0.0000    194985  0.9500
  0.00804    127.78     127.779           0           0           0  35.0499   0.1939  0.0446  1.0000  0.0000    196842  0.9500
  0.00764     127.7     127.696           0           0           0  35.0499   0.1858  0.0328  1.0000  0.0000    198699  0.9500
  0.00726    127.68     127.681           0           0           0  35.0499   0.1998  0.0351  1.0000  0.0000    200556  0.9500
  0.00690    127.66     127.665           0           0           0  35.0499   0.1879  0.0419  1.0000  0.0000    202413  0.9500
  0.00655    127.63     127.629           0           0           0  35.0499   0.1766  0.0405  1.0000  0.0000    204270  0.9500
  0.00622    127.62     127.623           0           0           0  35.0499   0.2089  0.0515  1.0000  0.0000    206127  0.9500
  0.00591    127.58     127.578           0           0           0  35.0499   0.1637  0.0655  1.0000  0.0000    207984  0.9500
  0.00562    127.52     127.517           0           0           0  35.0499   0.1879  0.0523  1.0000  0.0000    209841  0.9500
  0.00534    127.49     127.494           0           0           0  35.0499   0.1535  0.0216  1.0000  0.0000    211698  0.9500
  0.00507    127.47     127.475           0           0           0  35.0499   0.1578  0.0284  1.0000  0.0000    213555  0.9500
  0.00482    127.51     127.512           0           0           0  35.0499   0.1761  0.0242  1.0000  0.0000    215412  0.9500
  0.00457    127.54     127.537           0           0           0  35.0499   0.1664  0.0263  1.0000  0.0000    217269  0.9500
  0.00435    127.44     127.436           0           0           0  35.0499   0.1443  0.0369  1.0000  0.0000    219126  0.8000
  0.00348    127.37     127.368           0           0           0  35.0499   0.1389  0.0217  1.0000  0.0000    220983  0.8000
  0.00278    127.34     127.345           0           0           0  35.0499   0.1217  0.0216  1.0000  0.0000    222840  0.8000
  0.00223    127.31      127.31           0           0           0  35.0499   0.1163  0.0118  1.0000  0.0000    224697  0.8000
  0.00178    127.29     127.286           0           0           0  35.0499   0.1158  0.0095  1.0000  0.0000    226554  0.8000
  0.00142    127.28     127.284           0           0           0  35.0499   0.1362  0.0161  1.0000  0.0000    228411  0.8000
  0.00114    127.28     127.282           0           0           0  35.0499   0.1007  0.0152  1.0000  0.0000    230268  0.8000
  0.00091    127.28     127.282           0           0           0  35.0499   0.1179  0.0188  1.0000  0.0000    232125  0.8000
  0.00073    127.28     127.282           0           0           0  35.0499   0.1109  0.0174  1.0000  0.0000    233982  0.8000
  0.00058    127.28     127.276           0           0           0  35.0499   0.1222  0.0192  1.0000  0.0000    235839  0.8000
  0.00000    127.26     127.259           0           0           0            0.1131  0.0108  1.0000  0.0000    237696

