 47.38818    264.23     264.227           0           0           0  35.0499   0.9973  3.3055 18.0000  0.0000      1857  0.5000
 23.69409    260.67     260.671           0           0           0  35.0499   0.9925  3.7448 18.0000  0.0000      3714  0.5000
 11.84705    265.23     265.233           0           0           0  35.0499   0.9833  2.9832 18.0000  0.0000      5571  0.5000
  5.92352    264.59     264.588           0           0           0  35.0499   0.9688  4.7785 18.0000  0.0000      7428  0.5000
  2.96176     262.6     262.601           0           0           0  35.0499   0.9445  3.6545 18.0000  0.0000      9285  0.9000
  2.66559    259.55     259.549           0           0           0  35.0499   0.9273  3.6006 18.0000  0.0000     11142  0.9000
  2.39903    258.16     258.159           0           0           0  35.0499   0.9187  4.3765 18.0000  0.0000     12999  0.9000
  2.15912    257.31      257.31           0           0           0  35.0499   0.9257  3.3315 18.0000  0.0000     14856  0.9000
  1.94321    260.53     260.533           0           0           0  35.0499   0.9198  4.3877 18.0000  0.0000     16713  0.9000
  1.74889    255.85     255.854           0           0           0  35.0499   0.8875  4.3881 18.0000  0.0000     18570  0.9000
  1.57400    257.22     257.219           0           0           0  35.0499   0.9063  3.7306 18.0000  0.0000     20427  0.9000
  1.41660     255.5     255.502           0           0           0  35.0499   0.8702  3.1515 18.0000  0.0000     22284  0.9000
  1.27494    250.09     250.085           0           0           0  35.0499   0.8503  3.2793 18.0000  0.0000     24141  0.9000
  1.14745    254.11     254.113           0           0           0  35.0499   0.8492  4.1970 18.0000  0.0000     25998  0.9000
  1.03270    254.97     254.974           0           0           0  35.0499   0.8449  3.7818 18.0000  0.0000     27855  0.9000
  0.92943    250.84     250.839           0           0           0  35.0499   0.8045  2.2279 18.0000  0.0000     29712  0.9000
  0.83649    244.31     244.314           0           0           0  35.0499   0.7781  3.0923 18.0000  0.0000     31569  0.9500
  0.79466    245.07     245.072           0           0           0  35.0499   0.7771  5.1759 18.0000  0.0000     33426  0.9500
  0.75493     245.5     245.498           0           0           0  35.0499   0.7841  4.3116 18.0000  0.0000     35283  0.9500
  0.71718    248.56     248.556           0           0           0  35.0499   0.7776  3.0605 18.0000  0.0000     37140  0.9500
  0.68133    244.96     244.964           0           0           0  35.0499   0.7550  2.3278 18.0000  0.0000     38997  0.9500
  0.64726    242.61     242.614           0           0           0  35.0499   0.7518  4.0140 18.0000  0.0000     40854  0.9500
  0.61490    243.15     243.147           0           0           0  35.0499   0.7189  2.1383 18.0000  0.0000     42711  0.9500
  0.58415    241.03     241.028           0           0           0  35.0499   0.7200  3.3377 18.0000  0.0000     44568  0.9500
  0.55494     239.5     239.497           0           0           0  35.0499   0.6931  3.1428 18.0000  0.0000     46425  0.9500
  0.52720    239.74     239.739           0           0           0  35.0499   0.6855  2.8857 18.0000  0.0000     48282  0.9500
  0.50084    232.37      232.37           0           0           0  35.0499   0.6570  3.5834 18.0000  0.0000     50139  0.9500
  0.47580    231.88     231.879           0           0           0  35.0499   0.6516  2.8779 18.0000  0.0000     51996  0.9500
  0.45201     231.6     231.599           0           0           0  35.0499   0.6430  5.0277 18.0000  0.0000     53853  0.9500
  0.42940    223.52     223.517           0           0           0  35.0499   0.5757  2.4048 18.0000  0.0000     55710  0.9500
  0.40793    228.04     228.041           0           0           0  35.0499   0.5972  2.9537 18.0000  0.0000     57567  0.9500
  0.38754    221.54     221.543           0           0           0  35.0499   0.5504  2.9868 18.0000  0.0000     59424  0.9500
  0.36816     224.8     224.796           0           0           0  35.0499   0.5644  1.5233 18.0000  0.0000     61281  0.9500
  0.34975    214.83     214.827           0           0           0  35.0499   0.4917  3.0496 18.0000  0.0000     63138  0.9500
  0.33227     215.7     215.703           0           0           0  35.0499   0.5105  3.0543 18.0000  0.0000     64995  0.9500
  0.31565    214.26      214.26           0           0           0  35.0499   0.5137  3.1256 18.0000  0.0000     66852  0.9500
  0.29987    216.45     216.452           0           0           0  35.0499   0.5003  2.7891 18.0000  0.0000     68709  0.9500
  0.28488    208.25     208.248           0           0           0  35.0499   0.4707  1.0399 18.0000  0.0000     70566  0.9500
  0.27063    203.19     203.186           0           0           0  35.0499   0.4448  1.3423 18.0000  0.0000     72423  0.9500
  0.25710    201.28     201.284           0           0           0  35.0499   0.4292  2.1087 18.0000  0.0000     74280  0.9500
  0.24425    197.05      197.05           0           0           0  35.0499   0.4502  1.2694 17.8054  0.0000     76137  0.9500
  0.23203    194.82     194.819           0           0           0  35.0499   0.4233  1.6127 17.9868  0.0000     77994  0.9500
  0.22043    189.94     189.943           0           0           0  35.0499   0.3796  2.3159 17.6857  0.0000     79851  0.9500
  0.20941    184.96     184.956           0           0           0  35.0499   0.3807  2.5245 16.6183  0.0000     81708  0.9500
  0.19894    180.06     180.063           0           0           0  35.0499   0.3586  1.6895 15.6332  0.0000     83565  0.9500
  0.18899    171.34      171.34           0           0           0  35.0499   0.3635  1.8637 14.3613  0.0000     85422  0.9500
  0.17954    171.36      171.36           0           0           0  35.0499   0.3640  0.8397 13.2625  0.0000     87279  0.9500
  0.17057    169.92     169.917           0           0           0  35.0499   0.3716  0.8439 12.2550  0.0000     89136  0.9500
  0.16204    167.06     167.058           0           0           0  35.0499   0.3883  1.3016 11.4163  0.0000     90993  0.9500
  0.15394     166.8     166.801           0           0           0  35.0499   0.3748  0.6530 10.8256  0.0000     92850  0.9500
  0.14624    163.19     163.185           0           0           0  35.0499   0.3667  1.5291 10.1198  0.0000     94707  0.9500
  0.13893    161.52     161.521           0           0           0  35.0499   0.3732  0.5183  9.3782  0.0000     96564  0.9500
  0.13198    159.48     159.484           0           0           0  35.0499   0.3721  1.2958  8.7516  0.0000     98421  0.9500
  0.12538    156.96     156.958           0           0           0  35.0499   0.3700  0.8223  8.1574  0.0000    100278  0.9500
  0.11911    157.54     157.539           0           0           0  35.0499   0.3753  0.5535  7.5860  0.0000    102135  0.9500
  0.11316    153.94     153.941           0           0           0  35.0499   0.3813  1.3735  7.0955  0.0000    103992  0.9500
  0.10750    152.78     152.778           0           0           0  35.0499   0.3980  0.8349  6.6787  0.0000    105849  0.9500
  0.10212     152.1     152.096           0           0           0  35.0499   0.3823  0.4593  6.3979  0.0000    107706  0.9500
  0.09702     148.7     148.695           0           0           0  35.0499   0.3597  0.7140  6.0289  0.0000    109563  0.9500
  0.09217    147.29     147.292           0           0           0  35.0499   0.3834  0.4431  5.5449  0.0000    111420  0.9500
  0.08756    147.07     147.074           0           0           0  35.0499   0.3743  0.4061  5.2312  0.0000    113277  0.9500
  0.08318    145.89     145.886           0           0           0  35.0499   0.3969  0.5399  4.8873  0.0000    115134  0.9500
  0.07902    146.83     146.825           0           0           0  35.0499   0.3953  0.4663  4.6765  0.0000    116991  0.9500
  0.07507    145.17     145.173           0           0           0  35.0499   0.3877  0.5457  4.4673  0.0000    118848  0.9500
  0.07132    142.38     142.378           0           0           0  35.0499   0.3716  0.9196  4.2337  0.0000    120705  0.9500
  0.06775    141.67     141.674           0           0           0  35.0499   0.4286  0.4153  3.9440  0.0000    122562  0.9500
  0.06436    141.31     141.308           0           0           0  35.0499   0.4087  0.6524  3.8993  0.0000    124419  0.9500
  0.06115    139.96      139.96           0           0           0  35.0499   0.4249  0.6180  3.7773  0.0000    126276  0.9500
  0.05809    138.63     138.626           0           0           0  35.0499   0.4109  0.5839  3.7202  0.0000    128133  0.9500
  0.05518    136.86     136.862           0           0           0  35.0499   0.3920  0.5668  3.6118  0.0000    129990  0.9500
  0.05242    134.64     134.641           0           0           0  35.0499   0.3306  0.4807  3.4386  0.0000    131847  0.9500
  0.04980    134.04     134.039           0           0           0  35.0499   0.3414  0.2057  3.0625  0.0000    133704  0.9500
  0.04731    133.82     133.815           0           0           0  35.0499   0.4130  0.3041  2.7606  0.0000    135561  0.9500
  0.04495     134.7     134.698           0           0           0  35.0499   0.4303  0.3181  2.6862  0.0000    137418  0.9500
  0.04270    133.12     133.117           0           0           0  35.0499   0.3716  1.0138  2.6600  0.0000    139275  0.9500
  0.04057    132.31     132.308           0           0           0  35.0499   0.3710  0.3931  2.4780  0.0000    141132  0.9500
  0.03854    132.21     132.214           0           0           0  35.0499   0.3543  0.2217  2.3071  0.0000    142989  0.9500
  0.03661    131.59     131.586           0           0           0  35.0499   0.3554  0.2930  2.1094  0.0000    144846  0.9500
  0.03478    130.61     130.608           0           0           0  35.0499   0.4470  0.1810  1.9310  0.0000    146703  0.9500
  0.03304    130.47     130.472           0           0           0  35.0499   0.4249  0.3091  1.9444  0.0000    148560  0.9500
  0.03139    130.13     130.129           0           0           0  35.0499   0.4647  0.3922  1.9150  0.0000    150417  0.9500
  0.02982    129.11     129.111           0           0           0  35.0499   0.4152  0.2365  1.9624  0.0000    152274  0.9500
  0.02833     128.7     128.704           0           0           0  35.0499   0.3786  0.2195  1.9137  0.0000    154131  0.9500
  0.02691     127.9     127.901           0           0           0  35.0499   0.3786  0.2102  1.7961  0.0000    155988  0.9500
  0.02557    128.01     128.013           0           0           0  35.0499   0.3856  0.1096  1.6858  0.0000    157845  0.9500
  0.02429    127.97     127.971           0           0           0  35.0499   0.3888  0.1909  1.5940  0.0000    159702  0.9500
  0.02307    127.74     127.743           0           0           0  35.0499   0.3543  0.1119  1.5124  0.0000    161559  0.9500
  0.02192    127.54     127.538           0           0           0  35.0499   0.3511  0.1883  1.3828  0.0000    163416  0.9500
  0.02082    127.38     127.376           0           0           0  35.0499   0.3393  0.1417  1.2599  0.0000    165273  0.9500
  0.01978    127.07     127.071           0           0           0  35.0499   0.3527  0.1474  1.1330  0.0000    167130  0.9500
  0.01879    126.81     126.807           0           0           0  35.0499   0.3419  0.1737  1.0341  0.0000    168987  0.9500
  0.01785    126.69     126.693           0           0           0  35.0499   0.3226  0.1353  1.0000  0.0000    170844  0.9500
  0.01696    126.34     126.341           0           0           0  35.0499   0.2903  0.1874  1.0000  0.0000    172701  0.9500
  0.01611    126.18     126.184           0           0           0  35.0499   0.2865  0.1309  1.0000  0.0000    174558  0.9500
  0.01531    125.78     125.776           0           0           0  35.0499   0.2886  0.0928  1.0000  0.0000    176415  0.9500
  0.01454    125.69     125.688           0           0           0  35.0499   0.2725  0.1272  1.0000  0.0000    178272  0.9500
  0.01381    125.42     125.416           0           0           0  35.0499   0.2456  0.1391  1.0000  0.0000    180129  0.9500
  0.01312    125.12     125.121           0           0           0  35.0499   0.2623  0.0759  1.0000  0.0000    181986  0.9500
  0.01247    125.07     125.073           0           0           0  35.0499   0.2456  0.0747  1.0000  0.0000    183843  0.9500
  0.01184    125.04     125.043           0           0           0  35.0499   0.2703  0.0999  1.0000  0.0000    185700  0.9500
  0.01125    124.67     124.666           0           0           0  35.0499   0.2526  0.0803  1.0000  0.0000    187557  0.9500
  0.01069    124.39     124.387           0           0           0  35.0499   0.2456  0.1151  1.0000  0.0000    189414  0.9500
  0.01016    124.33     124.328           0           0           0  35.0499   0.2418  0.0556  1.0000  0.0000    191271  0.9500
  0.00965    124.32     124.322           0           0           0  35.0499   0.2036  0.0624  1.0000  0.0000    193128  0.9500
  0.00917    124.35     124.351           0           0           0  35.0499   0.2364  0.0922  1.0000  0.0000    194985  0.9500
  0.00871    124.22     124.222           0           0           0  35.0499   0.2143  0.0373  1.0000  0.0000    196842  0.9500
  0.00827    124.29     124.295           0           0           0  35.0499   0.2176  0.0327  1.0000  0.0000    198699  0.9500
  0.00786    124.22     124.224           0           0           0  35.0499   0.1922  0.0633  1.0000  0.0000    200556  0.9500
  0.00747    124.08      124.08           0           0           0  35.0499   0.2014  0.0511  1.0000  0.0000    202413  0.9500
  0.00709    124.06     124.058           0           0           0  35.0499   0.1788  0.0411  1.0000  0.0000    204270  0.9500
  0.00674    124.13     124.127           0           0           0  35.0499   0.1826  0.0198  1.0000  0.0000    206127  0.9500
  0.00640    123.99      123.99           0           0           0  35.0499   0.1804  0.0656  1.0000  0.0000    207984  0.9500
  0.00608    123.95     123.949           0           0           0  35.0499   0.1826  0.0358  1.0000  0.0000    209841  0.9500
  0.00578    123.93     123.934           0           0           0  35.0499   0.1616  0.0645  1.0000  0.0000    211698  0.9500
  0.00549    123.99     123.993           0           0           0  35.0499   0.1637  0.0394  1.0000  0.0000    213555  0.9500
  0.00521    123.96     123.958           0           0           0  35.0499   0.1922  0.0355  1.0000  0.0000    215412  0.9500
  0.00495    123.86     123.857           0           0           0  35.0499   0.1599  0.0190  1.0000  0.0000    217269  0.9500
  0.00470    123.83     123.832           0           0           0  35.0499   0.1438  0.0347  1.0000  0.0000    219126  0.8000
  0.00376    123.73     123.733           0           0           0  35.0499   0.1314  0.0289  1.0000  0.0000    220983  0.8000
  0.00301    123.72      123.72           0           0           0  35.0499   0.1169  0.0166  1.0000  0.0000    222840  0.8000
  0.00241    123.69     123.689           0           0           0  35.0499   0.1179  0.0089  1.0000  0.0000    224697  0.8000
  0.00193    123.68     123.679           0           0           0  35.0499   0.1125  0.0134  1.0000  0.0000    226554  0.8000
  0.00154    123.66     123.665           0           0           0  35.0499   0.1125  0.0000  1.0000  0.0000    228411  0.8000
  0.00123    123.66     123.655           0           0           0  35.0499   0.1034  0.0000  1.0000  0.0000    230268  0.8000
  0.00099    123.65     123.654           0           0           0  35.0499   0.1055  0.0000  1.0000  0.0000    232125  0.8000
  0.00079    123.65     123.654           0           0           0  35.0499   0.1179  0.0081  1.0000  0.0000    233982  0.8000
  0.00063    123.65     123.653           0           0           0  35.0499   0.1109  0.0000  1.0000  0.0000    235839  0.8000
  0.00051    123.65     123.653           0           0           0  35.0499   0.1018  0.0000  1.0000  0.0000    237696  0.8000
  0.00000    123.65     123.653           0           0           0            0.1099  0.0000  1.0000  0.0000    239553

