 44.76154    266.67     266.668           0           0           0  35.0499   0.9946  3.0405 18.0000  0.0000      1857  0.5000
 22.38077    264.38     264.384           0           0           0  35.0499   0.9930  3.8276 18.0000  0.0000      3714  0.5000
 11.19038    264.67     264.667           0           0           0  35.0499   0.9833  3.3141 18.0000  0.0000      5571  0.5000
  5.59519    262.52     262.518           0           0           0  35.0499   0.9725  2.8863 18.0000  0.0000      7428  0.5000
  2.79760     262.2     262.197           0           0           0  35.0499   0.9408  2.9131 18.0000  0.0000      9285  0.9000
  2.51784    256.34     256.336           0           0           0  35.0499   0.9343  3.9512 18.0000  0.0000     11142  0.9000
  2.26605    257.49     257.492           0           0           0  35.0499   0.9181  3.9285 18.0000  0.0000     12999  0.9000
  2.03945    255.97     255.971           0           0           0  35.0499   0.9025  2.5117 18.0000  0.0000     14856  0.9000
  1.83550    256.67     256.672           0           0           0  35.0499   0.9004  2.9947 18.0000  0.0000     16713  0.9000
  1.65195    256.64     256.641           0           0           0  35.0499   0.9009  4.7187 18.0000  0.0000     18570  0.9000
  1.48676    256.32     256.323           0           0           0  35.0499   0.8869  4.7345 18.0000  0.0000     20427  0.9000
  1.33808    252.65     252.646           0           0           0  35.0499   0.8632  2.9265 18.0000  0.0000     22284  0.9000
  1.20427    254.08      254.08           0           0           0  35.0499   0.8481  4.2612 18.0000  0.0000     24141  0.9000
  1.08385    254.13     254.125           0           0           0  35.0499   0.8465  3.4157 18.0000  0.0000     25998  0.9000
  0.97546    249.61     249.609           0           0           0  35.0499   0.8239  2.5345 18.0000  0.0000     27855  0.9000
  0.87792    248.45     248.454           0           0           0  35.0499   0.7808  3.1245 18.0000  0.0000     29712  0.9500
  0.83402    248.58      248.58           0           0           0  35.0499   0.7792  3.5352 18.0000  0.0000     31569  0.9500
  0.79232    249.07     249.072           0           0           0  35.0499   0.7453  4.3421 18.0000  0.0000     33426  0.9500
  0.75270    242.73     242.726           0           0           0  35.0499   0.7421  3.1657 18.0000  0.0000     35283  0.9500
  0.71507     242.9     242.897           0           0           0  35.0499   0.7447  2.7747 18.0000  0.0000     37140  0.9500
  0.67931    242.81     242.807           0           0           0  35.0499   0.7647  3.5718 18.0000  0.0000     38997  0.9500
  0.64535     240.4     240.404           0           0           0  35.0499   0.7103  2.6506 18.0000  0.0000     40854  0.9500
  0.61308    238.39      238.39           0           0           0  35.0499   0.7087  3.4179 18.0000  0.0000     42711  0.9500
  0.58243    234.58     234.584           0           0           0  35.0499   0.6861  3.9094 18.0000  0.0000     44568  0.9500
  0.55331    232.79     232.793           0           0           0  35.0499   0.6532  2.5610 18.0000  0.0000     46425  0.9500
  0.52564    235.22     235.217           0           0           0  35.0499   0.6645  1.7898 18.0000  0.0000     48282  0.9500
  0.49936     231.7     231.696           0           0           0  35.0499   0.6537  2.9722 18.0000  0.0000     50139  0.9500
  0.47439    233.73     233.728           0           0           0  35.0499   0.6597  2.1893 18.0000  0.0000     51996  0.9500
  0.45067     234.6     234.596           0           0           0  35.0499   0.6338  2.8956 18.0000  0.0000     53853  0.9500
  0.42814    231.15     231.153           0           0           0  35.0499   0.6225  4.5543 18.0000  0.0000     55710  0.9500
  0.40673    227.29     227.285           0           0           0  35.0499   0.5827  1.9930 18.0000  0.0000     57567  0.9500
  0.38639     226.5     226.499           0           0           0  35.0499   0.5644  2.4352 18.0000  0.0000     59424  0.9500
  0.36707     223.8     223.802           0           0           0  35.0499   0.5541  3.5791 18.0000  0.0000     61281  0.9500
  0.34872    215.48     215.484           0           0           0  35.0499   0.5218  1.4592 18.0000  0.0000     63138  0.9500
  0.33128     215.9     215.899           0           0           0  35.0499   0.5240  2.6824 18.0000  0.0000     64995  0.9500
  0.31472    216.56     216.564           0           0           0  35.0499   0.5159  2.5506 18.0000  0.0000     66852  0.9500
  0.29898    212.46     212.456           0           0           0  35.0499   0.4890  2.0703 18.0000  0.0000     68709  0.9500
  0.28404    207.04     207.042           0           0           0  35.0499   0.4690  1.7374 18.0000  0.0000     70566  0.9500
  0.26983    201.32     201.321           0           0           0  35.0499   0.4270  3.8240 18.0000  0.0000     72423  0.9500
  0.25634    202.04     202.043           0           0           0  35.0499   0.4125  1.8610 17.7666  0.0000     74280  0.9500
  0.24352    203.31      203.31           0           0           0  35.0499   0.4550  1.7467 17.2779  0.0000     76137  0.9500
  0.23135    200.01     200.012           0           0           0  35.0499   0.4265  1.6399 17.5377  0.0000     77994  0.9500
  0.21978    191.28     191.276           0           0           0  35.0499   0.3834  3.0666 17.3008  0.0000     79851  0.9500
  0.20879    187.24     187.244           0           0           0  35.0499   0.3818  2.5289 16.3218  0.0000     81708  0.9500
  0.19835    184.18     184.181           0           0           0  35.0499   0.3764  1.0962 15.3719  0.0000     83565  0.9500
  0.18843    182.78     182.785           0           0           0  35.0499   0.3635  1.1163 14.3944  0.0000     85422  0.9500
  0.17901    182.97     182.973           0           0           0  35.0499   0.3446  0.6570 13.2931  0.0000     87279  0.9500
  0.17006    180.68     180.676           0           0           0  35.0499   0.3678  0.9620 12.0255  0.0000     89136  0.9500
  0.16156    178.49     178.489           0           0           0  35.0499   0.3414  0.9663 11.1572  0.0000     90993  0.9500
  0.15348     179.2     179.199           0           0           0  35.0499   0.3554  1.0840 10.0572  0.0000     92850  0.9500
  0.14581    176.34     176.342           0           0           0  35.0499   0.3705  1.4967  9.2065  0.0000     94707  0.9500
  0.13852    171.11     171.112           0           0           0  35.0499   0.3802  1.1007  8.5666  0.0000     96564  0.9500
  0.13159     168.2     168.203           0           0           0  35.0499   0.3543  1.1457  8.0542  0.0000     98421  0.9500
  0.12501     166.3     166.299           0           0           0  35.0499   0.4023  0.9131  7.3642  0.0000    100278  0.9500
  0.11876    162.05     162.047           0           0           0  35.0499   0.3732  0.6032  7.0863  0.0000    102135  0.9500
  0.11282    161.44     161.441           0           0           0  35.0499   0.3845  1.0872  6.6128  0.0000    103992  0.9500
  0.10718    158.32     158.324           0           0           0  35.0499   0.3710  1.2694  6.2457  0.0000    105849  0.9500
  0.10182    156.71     156.713           0           0           0  35.0499   0.3958  0.5317  5.8149  0.0000    107706  0.9500
  0.09673    156.63     156.627           0           0           0  35.0499   0.3953  0.4388  5.5579  0.0000    109563  0.9500
  0.09189    154.59     154.593           0           0           0  35.0499   0.3904  0.6329  5.3093  0.0000    111420  0.9500
  0.08730    152.65     152.649           0           0           0  35.0499   0.3651  0.5899  5.0460  0.0000    113277  0.9500
  0.08294    150.54     150.539           0           0           0  35.0499   0.3936  0.9136  4.6681  0.0000    115134  0.9500
  0.07879    149.89     149.885           0           0           0  35.0499   0.4023  0.6357  4.4517  0.0000    116991  0.9500
  0.07485    148.56     148.561           0           0           0  35.0499   0.3775  0.3737  4.2837  0.0000    118848  0.9500
  0.07111    147.82     147.821           0           0           0  35.0499   0.3586  0.8476  4.0159  0.0000    120705  0.9500
  0.06755       146         146           0           0           0  35.0499   0.4190  0.7602  3.6892  0.0000    122562  0.9500
  0.06417    143.64     143.642           0           0           0  35.0499   0.4141  0.9278  3.6116  0.0000    124419  0.9500
  0.06096     143.4     143.402           0           0           0  35.0499   0.4033  0.5577  3.5181  0.0000    126276  0.9500
  0.05792    142.05     142.052           0           0           0  35.0499   0.3743  0.3429  3.3891  0.0000    128133  0.9500
  0.05502    141.28     141.284           0           0           0  35.0499   0.3786  0.3838  3.1663  0.0000    129990  0.9500
  0.05227    140.79     140.792           0           0           0  35.0499   0.4319  0.5805  2.9718  0.0000    131847  0.9500
  0.04966    141.54     141.542           0           0           0  35.0499   0.4583  0.3257  2.9476  0.0000    133704  0.9500
  0.04717    140.16     140.164           0           0           0  35.0499   0.3522  0.2873  3.0015  0.0000    135561  0.9500
  0.04481    139.22     139.223           0           0           0  35.0499   0.4114  0.7714  2.7379  0.0000    137418  0.9500
  0.04257    137.25     137.254           0           0           0  35.0499   0.3866  0.3021  2.6596  0.0000    139275  0.9500
  0.04045    137.64     137.638           0           0           0  35.0499   0.3942  0.2106  2.5177  0.0000    141132  0.9500
  0.03842    136.59     136.585           0           0           0  35.0499   0.4023  0.4858  2.4024  0.0000    142989  0.9500
  0.03650    135.73     135.734           0           0           0  35.0499   0.3522  0.1780  2.3117  0.0000    144846  0.9500
  0.03468    135.24      135.24           0           0           0  35.0499   0.3597  0.1841  2.1087  0.0000    146703  0.9500
  0.03294    134.76     134.761           0           0           0  35.0499   0.4540  0.3861  1.9394  0.0000    148560  0.9500
  0.03130    134.43     134.431           0           0           0  35.0499   0.4529  0.1818  1.9665  0.0000    150417  0.9500
  0.02973    133.47     133.474           0           0           0  35.0499   0.3845  0.2680  1.9918  0.0000    152274  0.9500
  0.02824     133.1     133.099           0           0           0  35.0499   0.3915  0.1366  1.8813  0.0000    154131  0.9500
  0.02683     133.2     133.201           0           0           0  35.0499   0.3780  0.1099  1.7900  0.0000    155988  0.9500
  0.02549    133.11     133.106           0           0           0  35.0499   0.3829  0.2211  1.6791  0.0000    157845  0.9500
  0.02422    131.99     131.986           0           0           0  35.0499   0.3813  0.2292  1.5832  0.0000    159702  0.9500
  0.02301    131.63     131.629           0           0           0  35.0499   0.3538  0.1117  1.4902  0.0000    161559  0.9500
  0.02186    131.23     131.228           0           0           0  35.0499   0.3285  0.2238  1.3617  0.0000    163416  0.9500
  0.02076    131.15     131.152           0           0           0  35.0499   0.3333  0.0634  1.2099  0.0000    165273  0.9500
  0.01972    131.32     131.317           0           0           0  35.0499   0.3301  0.1331  1.0808  0.0000    167130  0.9500
  0.01874    131.28     131.281           0           0           0  35.0499   0.3366  0.1221  1.0000  0.0000    168987  0.9500
  0.01780    130.76     130.763           0           0           0  35.0499   0.3005  0.1588  1.0000  0.0000    170844  0.9500
  0.01691    130.52     130.519           0           0           0  35.0499   0.2865  0.1075  1.0000  0.0000    172701  0.9500
  0.01607    130.47     130.474           0           0           0  35.0499   0.2811  0.2176  1.0000  0.0000    174558  0.9500
  0.01526    129.93     129.927           0           0           0  35.0499   0.2811  0.1018  1.0000  0.0000    176415  0.9500
  0.01450    129.89     129.892           0           0           0  35.0499   0.2967  0.0919  1.0000  0.0000    178272  0.9500
  0.01377     129.8     129.795           0           0           0  35.0499   0.2719  0.0398  1.0000  0.0000    180129  0.9500
  0.01309    129.54     129.536           0           0           0  35.0499   0.2682  0.1542  1.0000  0.0000    181986  0.9500
  0.01243    129.25     129.247           0           0           0  35.0499   0.2558  0.0785  1.0000  0.0000    183843  0.9500
  0.01181    129.18     129.179           0           0           0  35.0499   0.2386  0.0555  1.0000  0.0000    185700  0.9500
  0.01122    129.09     129.094           0           0           0  35.0499   0.2542  0.0577  1.0000  0.0000    187557  0.9500
  0.01066    129.02     129.017           0           0           0  35.0499   0.2450  0.0354  1.0000  0.0000    189414  0.9500
  0.01013    128.88     128.876           0           0           0  35.0499   0.2289  0.0632  1.0000  0.0000    191271  0.9500
  0.00962    128.92     128.921           0           0           0  35.0499   0.2240  0.0403  1.0000  0.0000    193128  0.9500
  0.00914    128.71     128.708           0           0           0  35.0499   0.2068  0.1081  1.0000  0.0000    194985  0.9500
  0.00868    128.67     128.673           0           0           0  35.0499   0.2014  0.0397  1.0000  0.0000    196842  0.9500
  0.00825    128.64     128.635           0           0           0  35.0499   0.2084  0.0327  1.0000  0.0000    198699  0.9500
  0.00783    128.71     128.708           0           0           0  35.0499   0.2100  0.0506  1.0000  0.0000    200556  0.9500
  0.00744    128.57     128.567           0           0           0  35.0499   0.2030  0.0481  1.0000  0.0000    202413  0.9500
  0.00707     128.5     128.501           0           0           0  35.0499   0.1820  0.0411  1.0000  0.0000    204270  0.9500
  0.00672    128.43     128.425           0           0           0  35.0499   0.1852  0.0246  1.0000  0.0000    206127  0.9500
  0.00638    128.43     128.432           0           0           0  35.0499   0.1820  0.0264  1.0000  0.0000    207984  0.9500
  0.00606    128.44     128.439           0           0           0  35.0499   0.1465  0.0372  1.0000  0.0000    209841  0.8000
  0.00485    128.36     128.362           0           0           0  35.0499   0.1605  0.0445  1.0000  0.0000    211698  0.9500
  0.00461    128.28     128.284           0           0           0  35.0499   0.1341  0.0209  1.0000  0.0000    213555  0.8000
  0.00369     128.3     128.301           0           0           0  35.0499   0.1330  0.0202  1.0000  0.0000    215412  0.8000
  0.00295    128.27     128.273           0           0           0  35.0499   0.1411  0.0040  1.0000  0.0000    217269  0.8000
  0.00236    128.23     128.228           0           0           0  35.0499   0.1265  0.0000  1.0000  0.0000    219126  0.8000
  0.00189    128.21     128.212           0           0           0  35.0499   0.1206  0.0000  1.0000  0.0000    220983  0.8000
  0.00151    128.19     128.195           0           0           0  35.0499   0.0991  0.0109  1.0000  0.0000    222840  0.8000
  0.00121    128.19      128.19           0           0           0  35.0499   0.1088  0.0000  1.0000  0.0000    224697  0.8000
  0.00097    128.19     128.192           0           0           0  35.0499   0.1125  0.0166  1.0000  0.0000    226554  0.8000
  0.00077    128.17     128.172           0           0           0  35.0499   0.1012  0.0234  1.0000  0.0000    228411  0.8000
  0.00062    128.17     128.169           0           0           0  35.0499   0.1077  0.0274  1.0000  0.0000    230268  0.8000
  0.00049    128.17     128.169           0           0           0  35.0499   0.1115  0.0258  1.0000  0.0000    232125  0.8000
  0.00000    128.17     128.169           0           0           0            0.1055  0.0275  1.0000  0.0000    233982

