 43.22696    263.15     263.152           0           0           0  35.0499   0.9946  4.0439 18.0000  0.0000      1857  0.5000
 21.61348    264.65     264.646           0           0           0  35.0499   0.9914  3.1803 18.0000  0.0000      3714  0.5000
 10.80674    262.59      262.59           0           0           0  35.0499   0.9785  2.7753 18.0000  0.0000      5571  0.5000
  5.40337    261.67     261.671           0           0           0  35.0499   0.9666  3.4735 18.0000  0.0000      7428  0.5000
  2.70169    259.82     259.822           0           0           0  35.0499   0.9365  2.7128 18.0000  0.0000      9285  0.9000
  2.43152    258.19     258.193           0           0           0  35.0499   0.9111  3.7387 18.0000  0.0000     11142  0.9000
  2.18836    256.29     256.294           0           0           0  35.0499   0.9133  3.9881 18.0000  0.0000     12999  0.9000
  1.96953    256.94     256.937           0           0           0  35.0499   0.9074  3.2226 18.0000  0.0000     14856  0.9000
  1.77258    255.28     255.276           0           0           0  35.0499   0.8799  3.8967 18.0000  0.0000     16713  0.9000
  1.59532    255.42     255.417           0           0           0  35.0499   0.8842  2.7923 18.0000  0.0000     18570  0.9000
  1.43579    256.17     256.167           0           0           0  35.0499   0.8654  3.4771 18.0000  0.0000     20427  0.9000
  1.29221    256.48     256.476           0           0           0  35.0499   0.8837  2.3238 18.0000  0.0000     22284  0.9000
  1.16299    252.69     252.685           0           0           0  35.0499   0.8411  2.9950 18.0000  0.0000     24141  0.9000
  1.04669    254.56     254.559           0           0           0  35.0499   0.8406  3.1351 18.0000  0.0000     25998  0.9000
  0.94202     252.5     252.498           0           0           0  35.0499   0.8293  3.5217 18.0000  0.0000     27855  0.9000
  0.84782    245.66     245.659           0           0           0  35.0499   0.7701  2.8069 18.0000  0.0000     29712  0.9500
  0.80543    248.34     248.341           0           0           0  35.0499   0.7905  2.8746 18.0000  0.0000     31569  0.9500
  0.76516    244.05     244.047           0           0           0  35.0499   0.7571  2.5156 18.0000  0.0000     33426  0.9500
  0.72690    246.32     246.316           0           0           0  35.0499   0.7894  3.1250 18.0000  0.0000     35283  0.9500
  0.69055    243.19     243.186           0           0           0  35.0499   0.7539  3.5867 18.0000  0.0000     37140  0.9500
  0.65602    242.38     242.381           0           0           0  35.0499   0.7329  2.7573 18.0000  0.0000     38997  0.9500
  0.62322     240.9     240.896           0           0           0  35.0499   0.7022  3.8223 18.0000  0.0000     40854  0.9500
  0.59206    235.77     235.769           0           0           0  35.0499   0.6936  2.4269 18.0000  0.0000     42711  0.9500
  0.56246    238.84      238.84           0           0           0  35.0499   0.7103  2.4967 18.0000  0.0000     44568  0.9500
  0.53434    236.53     236.532           0           0           0  35.0499   0.6554  3.8766 18.0000  0.0000     46425  0.9500
  0.50762    236.31     236.306           0           0           0  35.0499   0.6801  2.0765 18.0000  0.0000     48282  0.9500
  0.48224    235.37      235.37           0           0           0  35.0499   0.6478  2.0514 18.0000  0.0000     50139  0.9500
  0.45813     232.3     232.303           0           0           0  35.0499   0.6370  3.4846 18.0000  0.0000     51996  0.9500
  0.43522    229.07     229.071           0           0           0  35.0499   0.6230  2.6975 18.0000  0.0000     53853  0.9500
  0.41346    222.45     222.455           0           0           0  35.0499   0.5988  3.0533 18.0000  0.0000     55710  0.9500
  0.39279    225.48     225.477           0           0           0  35.0499   0.5805  4.1564 18.0000  0.0000     57567  0.9500
  0.37315    224.06     224.065           0           0           0  35.0499   0.5617  3.3078 18.0000  0.0000     59424  0.9500
  0.35449    218.87      218.87           0           0           0  35.0499   0.5380  1.5450 18.0000  0.0000     61281  0.9500
  0.33677    216.24     216.243           0           0           0  35.0499   0.5444  3.8984 18.0000  0.0000     63138  0.9500
  0.31993    209.41     209.408           0           0           0  35.0499   0.4830  1.6030 18.0000  0.0000     64995  0.9500
  0.30393    205.97     205.967           0           0           0  35.0499   0.4890  1.9113 18.0000  0.0000     66852  0.9500
  0.28873     203.8     203.797           0           0           0  35.0499   0.4814  1.4642 18.0000  0.0000     68709  0.9500
  0.27430    203.01     203.011           0           0           0  35.0499   0.4593  1.3741 18.0000  0.0000     70566  0.9500
  0.26058     197.9     197.899           0           0           0  35.0499   0.4286  2.7773 18.0000  0.0000     72423  0.9500
  0.24755    195.19     195.185           0           0           0  35.0499   0.4335  2.8439 17.7957  0.0000     74280  0.9500
  0.23518       188     188.001           0           0           0  35.0499   0.3953  1.2166 17.6799  0.0000     76137  0.9500
  0.22342     188.9     188.901           0           0           0  35.0499   0.3974  1.7154 16.8889  0.0000     77994  0.9500
  0.21225    186.19     186.186           0           0           0  35.0499   0.3926  1.6690 16.1697  0.0000     79851  0.9500
  0.20163    181.96     181.959           0           0           0  35.0499   0.3775  3.2916 15.4028  0.0000     81708  0.9500
  0.19155     180.1     180.096           0           0           0  35.0499   0.3635  1.1010 14.4399  0.0000     83565  0.9500
  0.18197    176.82     176.815           0           0           0  35.0499   0.3603  1.9365 13.3351  0.0000     85422  0.9500
  0.17288    174.26     174.259           0           0           0  35.0499   0.3608  1.7316 12.2718  0.0000     87279  0.9500
  0.16423    168.49     168.486           0           0           0  35.0499   0.3489  1.2874 11.2998  0.0000     89136  0.9500
  0.15602    166.65     166.654           0           0           0  35.0499   0.3586  1.2786 10.2710  0.0000     90993  0.9500
  0.14822    162.92     162.921           0           0           0  35.0499   0.3619  0.5315  9.4354  0.0000     92850  0.9500
  0.14081    160.95     160.946           0           0           0  35.0499   0.3759  1.5310  8.6982  0.0000     94707  0.9500
  0.13377    158.74     158.744           0           0           0  35.0499   0.3678  0.7077  8.1404  0.0000     96564  0.9500
  0.12708    159.29     159.294           0           0           0  35.0499   0.3990  0.7736  7.5527  0.0000     98421  0.9500
  0.12073    157.22      157.22           0           0           0  35.0499   0.3850  1.0097  7.2432  0.0000    100278  0.9500
  0.11469    154.66     154.657           0           0           0  35.0499   0.3947  0.7954  6.8451  0.0000    102135  0.9500
  0.10895    153.53     153.526           0           0           0  35.0499   0.3866  0.5436  6.5352  0.0000    103992  0.9500
  0.10351    151.82     151.817           0           0           0  35.0499   0.3716  1.0720  6.1865  0.0000    105849  0.9500
  0.09833    149.31     149.311           0           0           0  35.0499   0.3592  0.7487  5.7631  0.0000    107706  0.9500
  0.09342    147.48     147.481           0           0           0  35.0499   0.3710  0.6084  5.2973  0.0000    109563  0.9500
  0.08874    146.54     146.539           0           0           0  35.0499   0.4184  0.4153  4.9320  0.0000    111420  0.9500
  0.08431    145.23     145.235           0           0           0  35.0499   0.4071  1.1730  4.8255  0.0000    113277  0.9500
  0.08009    143.71      143.71           0           0           0  35.0499   0.4028  0.4085  4.6668  0.0000    115134  0.9500
  0.07609    142.55     142.551           0           0           0  35.0499   0.3700  0.5674  4.4932  0.0000    116991  0.9500
  0.07228    141.67     141.667           0           0           0  35.0499   0.3516  0.6881  4.1785  0.0000    118848  0.9500
  0.06867    140.37      140.37           0           0           0  35.0499   0.4130  0.6222  3.8093  0.0000    120705  0.9500
  0.06524    139.66     139.663           0           0           0  35.0499   0.4071  0.2857  3.7065  0.0000    122562  0.9500
  0.06197    138.29     138.293           0           0           0  35.0499   0.3872  0.6389  3.5846  0.0000    124419  0.9500
  0.05887    138.33     138.332           0           0           0  35.0499   0.3813  0.3172  3.3953  0.0000    126276  0.9500
  0.05593    138.56     138.556           0           0           0  35.0499   0.3694  0.3614  3.1959  0.0000    128133  0.9500
  0.05313     137.7     137.698           0           0           0  35.0499   0.4362  0.5799  2.9703  0.0000    129990  0.9500
  0.05048    137.29     137.289           0           0           0  35.0499   0.4583  0.3232  2.9589  0.0000    131847  0.9500
  0.04795    136.68     136.681           0           0           0  35.0499   0.3489  0.2219  3.0130  0.0000    133704  0.9500
  0.04556    136.46     136.462           0           0           0  35.0499   0.3931  0.3844  2.7387  0.0000    135561  0.9500
  0.04328    135.33     135.333           0           0           0  35.0499   0.3953  0.3062  2.6102  0.0000    137418  0.9500
  0.04111    134.58     134.582           0           0           0  35.0499   0.3753  0.4562  2.4935  0.0000    139275  0.9500
  0.03906    133.86     133.857           0           0           0  35.0499   0.3840  0.5848  2.3322  0.0000    141132  0.9500
  0.03711    133.37      133.37           0           0           0  35.0499   0.3630  0.3520  2.2015  0.0000    142989  0.9500
  0.03525    132.68     132.682           0           0           0  35.0499   0.3452  0.2171  2.0319  0.0000    144846  0.9500
  0.03349    132.28     132.281           0           0           0  35.0499   0.4351  0.2443  1.8392  0.0000    146703  0.9500
  0.03181    131.69     131.691           0           0           0  35.0499   0.4340  0.2801  1.8302  0.0000    148560  0.9500
  0.03022    131.14     131.144           0           0           0  35.0499   0.3990  0.3025  1.8193  0.0000    150417  0.9500
  0.02871     131.2     131.205           0           0           0  35.0499   0.4184  0.1335  1.7448  0.0000    152274  0.9500
  0.02728    131.07     131.067           0           0           0  35.0499   0.3958  0.1335  1.7071  0.0000    154131  0.9500
  0.02591    130.81     130.811           0           0           0  35.0499   0.4227  0.1202  1.6317  0.0000    155988  0.9500
  0.02462     130.6     130.601           0           0           0  35.0499   0.3624  0.2449  1.6035  0.0000    157845  0.9500
  0.02339     130.3     130.305           0           0           0  35.0499   0.3748  0.1724  1.4791  0.0000    159702  0.9500
  0.02222    129.63     129.632           0           0           0  35.0499   0.3640  0.1282  1.3826  0.0000    161559  0.9500
  0.02111    129.39      129.39           0           0           0  35.0499   0.3538  0.1578  1.2776  0.0000    163416  0.9500
  0.02005    129.34     129.337           0           0           0  35.0499   0.3500  0.1641  1.1675  0.0000    165273  0.9500
  0.01905    128.86     128.861           0           0           0  35.0499   0.3495  0.2004  1.0624  0.0000    167130  0.9500
  0.01810    128.54     128.537           0           0           0  35.0499   0.3236  0.1385  1.0000  0.0000    168987  0.9500
  0.01719    128.65      128.65           0           0           0  35.0499   0.3107  0.0887  1.0000  0.0000    170844  0.9500
  0.01633    128.33     128.332           0           0           0  35.0499   0.2859  0.2012  1.0000  0.0000    172701  0.9500
  0.01551    128.08     128.083           0           0           0  35.0499   0.3107  0.1195  1.0000  0.0000    174558  0.9500
  0.01474    127.87     127.865           0           0           0  35.0499   0.3059  0.1031  1.0000  0.0000    176415  0.9500
  0.01400    127.75     127.746           0           0           0  35.0499   0.2768  0.1869  1.0000  0.0000    178272  0.9500
  0.01330    127.41     127.407           0           0           0  35.0499   0.2693  0.0542  1.0000  0.0000    180129  0.9500
  0.01264    127.25     127.246           0           0           0  35.0499   0.2558  0.1051  1.0000  0.0000    181986  0.9500
  0.01200    126.94     126.942           0           0           0  35.0499   0.2466  0.0772  1.0000  0.0000    183843  0.9500
  0.01140    126.91     126.912           0           0           0  35.0499   0.2579  0.1098  1.0000  0.0000    185700  0.9500
  0.01083     126.8     126.802           0           0           0  35.0499   0.2240  0.0721  1.0000  0.0000    187557  0.9500
  0.01029    126.69     126.685           0           0           0  35.0499   0.2170  0.0562  1.0000  0.0000    189414  0.9500
  0.00978    126.61     126.614           0           0           0  35.0499   0.2208  0.0558  1.0000  0.0000    191271  0.9500
  0.00929    126.69     126.691           0           0           0  35.0499   0.2278  0.0560  1.0000  0.0000    193128  0.9500
  0.00882    126.62     126.618           0           0           0  35.0499   0.2386  0.0506  1.0000  0.0000    194985  0.9500
  0.00838    126.53     126.532           0           0           0  35.0499   0.2176  0.0672  1.0000  0.0000    196842  0.9500
  0.00796    126.37     126.371           0           0           0  35.0499   0.2057  0.0385  1.0000  0.0000    198699  0.9500
  0.00757    126.42     126.421           0           0           0  35.0499   0.1912  0.0236  1.0000  0.0000    200556  0.9500
  0.00719    126.41     126.405           0           0           0  35.0499   0.1987  0.0256  1.0000  0.0000    202413  0.9500
  0.00683    126.34     126.335           0           0           0  35.0499   0.1707  0.0279  1.0000  0.0000    204270  0.9500
  0.00649    126.35     126.354           0           0           0  35.0499   0.1944  0.0410  1.0000  0.0000    206127  0.9500
  0.00616    126.28     126.277           0           0           0  35.0499   0.1766  0.0437  1.0000  0.0000    207984  0.9500
  0.00585    126.24     126.242           0           0           0  35.0499   0.1707  0.0185  1.0000  0.0000    209841  0.9500
  0.00556    126.21     126.214           0           0           0  35.0499   0.1675  0.0366  1.0000  0.0000    211698  0.9500
  0.00528    126.16     126.161           0           0           0  35.0499   0.1486  0.0212  1.0000  0.0000    213555  0.8000
  0.00423    126.14     126.142           0           0           0  35.0499   0.1508  0.0442  1.0000  0.0000    215412  0.9500
  0.00402     126.1     126.099           0           0           0  35.0499   0.1443  0.0298  1.0000  0.0000    217269  0.8000
  0.00321    126.03     126.035           0           0           0  35.0499   0.1115  0.0160  1.0000  0.0000    219126  0.8000
  0.00257    126.02     126.016           0           0           0  35.0499   0.1055  0.0264  1.0000  0.0000    220983  0.8000
  0.00206    126.01     126.008           0           0           0  35.0499   0.1206  0.0103  1.0000  0.0000    222840  0.8000
  0.00164    125.99     125.993           0           0           0  35.0499   0.1131  0.0000  1.0000  0.0000    224697  0.8000
  0.00132    125.99     125.993           0           0           0  35.0499   0.1050  0.0000  1.0000  0.0000    226554  0.8000
  0.00105    125.99     125.991           0           0           0  35.0499   0.1142  0.0064  1.0000  0.0000    228411  0.8000
  0.00084    125.99     125.992           0           0           0  35.0499   0.1109  0.0000  1.0000  0.0000    230268  0.8000
  0.00067    125.99      125.99           0           0           0  35.0499   0.1082  0.0000  1.0000  0.0000    232125  0.8000
  0.00054    125.99      125.99           0           0           0  35.0499   0.1109  0.0042  1.0000  0.0000    233982  0.8000
  0.00000    125.99      125.99           0           0           0            0.1120  0.0086  1.0000  0.0000    235839

