 36.91483    264.02     264.023           0           0           0  35.0499   0.9935  3.5614 18.0000  0.0000      1857  0.5000
 18.45741    262.86      262.86           0           0           0  35.0499   0.9892  3.7723 18.0000  0.0000      3714  0.5000
  9.22871    267.74     267.741           0           0           0  35.0499   0.9838  3.3825 18.0000  0.0000      5571  0.5000
  4.61435    263.66     263.664           0           0           0  35.0499   0.9569  3.8771 18.0000  0.0000      7428  0.9000
  4.15292    261.84     261.838           0           0           0  35.0499   0.9585  2.9875 18.0000  0.0000      9285  0.9000
  3.73763    261.67     261.675           0           0           0  35.0499   0.9553  3.1855 18.0000  0.0000     11142  0.9000
  3.36386    262.59     262.595           0           0           0  35.0499   0.9526  3.3886 18.0000  0.0000     12999  0.9000
  3.02748    261.45     261.453           0           0           0  35.0499   0.9429  3.0739 18.0000  0.0000     14856  0.9000
  2.72473    260.43     260.425           0           0           0  35.0499   0.9397  4.5546 18.0000  0.0000     16713  0.9000
  2.45226    258.43     258.433           0           0           0  35.0499   0.9289  3.0943 18.0000  0.0000     18570  0.9000
  2.20703    259.12     259.119           0           0           0  35.0499   0.9214  3.4843 18.0000  0.0000     20427  0.9000
  1.98633     258.4     258.402           0           0           0  35.0499   0.9020  2.6321 18.0000  0.0000     22284  0.9000
  1.78770    257.42     257.417           0           0           0  35.0499   0.9036  2.5041 18.0000  0.0000     24141  0.9000
  1.60893    254.41      254.41           0           0           0  35.0499   0.8993  4.4650 18.0000  0.0000     25998  0.9000
  1.44803    254.88     254.882           0           0           0  35.0499   0.8875  3.2647 18.0000  0.0000     27855  0.9000
  1.30323    256.42     256.423           0           0           0  35.0499   0.8686  3.2765 18.0000  0.0000     29712  0.9000
  1.17291    255.75     255.746           0           0           0  35.0499   0.8578  4.9865 18.0000  0.0000     31569  0.9000
  1.05562    252.19     252.186           0           0           0  35.0499   0.8255  3.9441 18.0000  0.0000     33426  0.9000
  0.95005     250.2     250.204           0           0           0  35.0499   0.8223  3.4973 18.0000  0.0000     35283  0.9000
  0.85505    247.51     247.511           0           0           0  35.0499   0.8024  3.6401 18.0000  0.0000     37140  0.9000
  0.76954    244.05     244.045           0           0           0  35.0499   0.7803  1.6176 18.0000  0.0000     38997  0.9500
  0.73107    246.19     246.188           0           0           0  35.0499   0.7814  2.6951 18.0000  0.0000     40854  0.9500
  0.69451    241.73     241.732           0           0           0  35.0499   0.7523  3.3037 18.0000  0.0000     42711  0.9500
  0.65979    238.27      238.27           0           0           0  35.0499   0.7340  4.1444 18.0000  0.0000     44568  0.9500
  0.62680    245.89     245.894           0           0           0  35.0499   0.7620  3.2442 18.0000  0.0000     46425  0.9500
  0.59546     240.8       240.8           0           0           0  35.0499   0.7006  3.3068 18.0000  0.0000     48282  0.9500
  0.56569    236.93     236.934           0           0           0  35.0499   0.6984  2.5932 18.0000  0.0000     50139  0.9500
  0.53740    231.73     231.727           0           0           0  35.0499   0.6607  4.9351 18.0000  0.0000     51996  0.9500
  0.51053    231.88     231.884           0           0           0  35.0499   0.6688  4.0346 18.0000  0.0000     53853  0.9500
  0.48500    237.24     237.239           0           0           0  35.0499   0.6936  2.7885 18.0000  0.0000     55710  0.9500
  0.46075    234.87     234.869           0           0           0  35.0499   0.6532  1.7232 18.0000  0.0000     57567  0.9500
  0.43772    227.41     227.414           0           0           0  35.0499   0.6182  3.7103 18.0000  0.0000     59424  0.9500
  0.41583    228.51     228.505           0           0           0  35.0499   0.6300  2.8868 18.0000  0.0000     61281  0.9500
  0.39504    221.91     221.907           0           0           0  35.0499   0.5644  4.1406 18.0000  0.0000     63138  0.9500
  0.37529    216.17     216.175           0           0           0  35.0499   0.5320  2.5863 18.0000  0.0000     64995  0.9500
  0.35652     216.2       216.2           0           0           0  35.0499   0.5304  1.9917 18.0000  0.0000     66852  0.9500
  0.33870    213.85     213.852           0           0           0  35.0499   0.5105  1.9798 18.0000  0.0000     68709  0.9500
  0.32176    208.54     208.538           0           0           0  35.0499   0.5003  4.2152 18.0000  0.0000     70566  0.9500
  0.30567    201.08     201.082           0           0           0  35.0499   0.4556  2.9216 18.0000  0.0000     72423  0.9500
  0.29039    196.09     196.086           0           0           0  35.0499   0.4249  1.6498 18.0000  0.0000     74280  0.9500
  0.27587     197.2     197.196           0           0           0  35.0499   0.4297  1.4644 17.7278  0.0000     76137  0.9500
  0.26208    193.46     193.459           0           0           0  35.0499   0.4265  2.4323 17.5457  0.0000     77994  0.9500
  0.24897    190.31     190.306           0           0           0  35.0499   0.4163  1.7559 17.3087  0.0000     79851  0.9500
  0.23652    188.55     188.546           0           0           0  35.0499   0.3850  1.5380 16.8978  0.0000     81708  0.9500
  0.22470    183.41     183.408           0           0           0  35.0499   0.3856  1.7844 15.9690  0.0000     83565  0.9500
  0.21346    182.85     182.848           0           0           0  35.0499   0.3974  0.7916 15.0997  0.0000     85422  0.9500
  0.20279    182.55     182.549           0           0           0  35.0499   0.3872  1.2407 14.4567  0.0000     87279  0.9500
  0.19265    180.57      180.57           0           0           0  35.0499   0.3813  1.1600 13.6932  0.0000     89136  0.9500
  0.18302    174.17     174.171           0           0           0  35.0499   0.3608  2.8638 12.8888  0.0000     90993  0.9500
  0.17387    171.31     171.309           0           0           0  35.0499   0.3683  0.5912 11.8680  0.0000     92850  0.9500
  0.16517    166.96     166.956           0           0           0  35.0499   0.3716  3.1780 11.0175  0.0000     94707  0.9500
  0.15692    162.04      162.04           0           0           0  35.0499   0.3360  1.1453 10.2635  0.0000     96564  0.9500
  0.14907    161.65     161.652           0           0           0  35.0499   0.3506  1.3763  9.1964  0.0000     98421  0.9500
  0.14162    163.69     163.695           0           0           0  35.0499   0.3807  2.0871  8.3739  0.0000    100278  0.9500
  0.13454     158.5     158.504           0           0           0  35.0499   0.3753  0.7832  7.8775  0.0000    102135  0.9500
  0.12781    157.58     157.578           0           0           0  35.0499   0.3845  0.9348  7.3681  0.0000    103992  0.9500
  0.12142    155.79     155.789           0           0           0  35.0499   0.4227  0.8919  6.9591  0.0000    105849  0.9500
  0.11535    152.41     152.408           0           0           0  35.0499   0.4028  1.0265  6.8389  0.0000    107706  0.9500
  0.10958    150.35     150.351           0           0           0  35.0499   0.3942  0.6621  6.5845  0.0000    109563  0.9500
  0.10410    148.99     148.992           0           0           0  35.0499   0.3780  0.4613  6.2828  0.0000    111420  0.9500
  0.09890    149.14     149.136           0           0           0  35.0499   0.4071  0.9904  5.8935  0.0000    113277  0.9500
  0.09395    149.13     149.133           0           0           0  35.0499   0.3974  0.8403  5.6996  0.0000    115134  0.9500
  0.08925    149.37      149.37           0           0           0  35.0499   0.3807  0.8010  5.4569  0.0000    116991  0.9500
  0.08479    147.54     147.539           0           0           0  35.0499   0.3915  0.7766  5.1334  0.0000    118848  0.9500
  0.08055    145.45     145.451           0           0           0  35.0499   0.3791  0.4795  4.8844  0.0000    120705  0.9500
  0.07652    145.26     145.259           0           0           0  35.0499   0.3753  0.5242  4.5870  0.0000    122562  0.9500
  0.07270    145.55     145.553           0           0           0  35.0499   0.3689  0.4646  4.2904  0.0000    124419  0.9500
  0.06906    143.96      143.96           0           0           0  35.0499   0.4432  0.5919  3.9852  0.0000    126276  0.9500
  0.06561    141.69     141.692           0           0           0  35.0499   0.4050  0.5099  3.9979  0.0000    128133  0.9500
  0.06233    140.53     140.527           0           0           0  35.0499   0.4087  0.8951  3.8578  0.0000    129990  0.9500
  0.05921    138.19     138.194           0           0           0  35.0499   0.3802  0.6515  3.7372  0.0000    131847  0.9500
  0.05625    137.15     137.147           0           0           0  35.0499   0.3613  0.2884  3.5136  0.0000    133704  0.9500
  0.05344    136.14     136.135           0           0           0  35.0499   0.3619  0.3202  3.2372  0.0000    135561  0.9500
  0.05077    135.82     135.824           0           0           0  35.0499   0.4211  0.3753  2.9843  0.0000    137418  0.9500
  0.04823    134.46     134.461           0           0           0  35.0499   0.4076  0.5606  2.9279  0.0000    139275  0.9500
  0.04582    133.25      133.25           0           0           0  35.0499   0.4055  0.2832  2.8332  0.0000    141132  0.9500
  0.04353    132.21      132.21           0           0           0  35.0499   0.3807  0.3555  2.7354  0.0000    142989  0.9500
  0.04135    131.86     131.859           0           0           0  35.0499   0.3726  0.4737  2.5733  0.0000    144846  0.9500
  0.03928    131.84     131.841           0           0           0  35.0499   0.3721  0.1901  2.4000  0.0000    146703  0.9500
  0.03732    131.14      131.14           0           0           0  35.0499   0.3656  0.3937  2.2370  0.0000    148560  0.9500
  0.03545    130.21      130.21           0           0           0  35.0499   0.3484  0.2223  2.0707  0.0000    150417  0.9500
  0.03368     130.6     130.598           0           0           0  35.0499   0.4540  0.4334  1.8810  0.0000    152274  0.9500
  0.03200    130.16     130.162           0           0           0  35.0499   0.4421  0.3205  1.9073  0.0000    154131  0.9500
  0.03040    129.42     129.424           0           0           0  35.0499   0.4120  0.3492  1.9113  0.0000    155988  0.9500
  0.02888       129     129.002           0           0           0  35.0499   0.4383  0.2148  1.8577  0.0000    157845  0.9500
  0.02743    128.62     128.621           0           0           0  35.0499   0.3877  0.2085  1.8546  0.0000    159702  0.9500
  0.02606    128.65     128.652           0           0           0  35.0499   0.4023  0.1886  1.7577  0.0000    161559  0.9500
  0.02476    128.52     128.519           0           0           0  35.0499   0.3764  0.2230  1.6913  0.0000    163416  0.9500
  0.02352    128.08     128.082           0           0           0  35.0499   0.3430  0.3217  1.5838  0.0000    165273  0.9500
  0.02234    127.57     127.569           0           0           0  35.0499   0.3387  0.0816  1.4302  0.0000    167130  0.9500
  0.02123    127.41     127.414           0           0           0  35.0499   0.3538  0.2123  1.2854  0.0000    168987  0.9500
  0.02017    127.24     127.237           0           0           0  35.0499   0.3506  0.0824  1.1746  0.0000    170844  0.9500
  0.01916    126.75     126.746           0           0           0  35.0499   0.3166  0.1389  1.0695  0.0000    172701  0.9500
  0.01820    126.81     126.813           0           0           0  35.0499   0.3387  0.0877  1.0000  0.0000    174558  0.9500
  0.01729    126.45     126.448           0           0           0  35.0499   0.3016  0.1804  1.0000  0.0000    176415  0.9500
  0.01642    126.07     126.074           0           0           0  35.0499   0.2967  0.1296  1.0000  0.0000    178272  0.9500
  0.01560     125.9     125.898           0           0           0  35.0499   0.2929  0.0949  1.0000  0.0000    180129  0.9500
  0.01482     125.7     125.704           0           0           0  35.0499   0.2746  0.0672  1.0000  0.0000    181986  0.9500
  0.01408    125.52     125.522           0           0           0  35.0499   0.2719  0.1353  1.0000  0.0000    183843  0.9500
  0.01338    125.37     125.375           0           0           0  35.0499   0.2633  0.1320  1.0000  0.0000    185700  0.9500
  0.01271    125.27     125.272           0           0           0  35.0499   0.2434  0.0966  1.0000  0.0000    187557  0.9500
  0.01207    125.08     125.079           0           0           0  35.0499   0.2466  0.1010  1.0000  0.0000    189414  0.9500
  0.01147    124.93     124.933           0           0           0  35.0499   0.2181  0.0500  1.0000  0.0000    191271  0.9500
  0.01090    124.82     124.819           0           0           0  35.0499   0.2364  0.0867  1.0000  0.0000    193128  0.9500
  0.01035    124.66     124.664           0           0           0  35.0499   0.2353  0.0835  1.0000  0.0000    194985  0.9500
  0.00983    124.66     124.657           0           0           0  35.0499   0.2224  0.0705  1.0000  0.0000    196842  0.9500
  0.00934    124.71     124.708           0           0           0  35.0499   0.2262  0.0417  1.0000  0.0000    198699  0.9500
  0.00888    124.61     124.608           0           0           0  35.0499   0.1879  0.0991  1.0000  0.0000    200556  0.9500
  0.00843    124.52     124.522           0           0           0  35.0499   0.2208  0.0487  1.0000  0.0000    202413  0.9500
  0.00801    124.43     124.432           0           0           0  35.0499   0.2122  0.0389  1.0000  0.0000    204270  0.9500
  0.00761    124.37     124.368           0           0           0  35.0499   0.1912  0.0285  1.0000  0.0000    206127  0.9500
  0.00723     124.3     124.302           0           0           0  35.0499   0.1745  0.0387  1.0000  0.0000    207984  0.9500
  0.00687    124.31     124.309           0           0           0  35.0499   0.1826  0.0399  1.0000  0.0000    209841  0.9500
  0.00652    124.22     124.218           0           0           0  35.0499   0.1723  0.0235  1.0000  0.0000    211698  0.9500
  0.00620    124.16     124.159           0           0           0  35.0499   0.1669  0.0505  1.0000  0.0000    213555  0.9500
  0.00589    124.12     124.124           0           0           0  35.0499   0.1578  0.0343  1.0000  0.0000    215412  0.9500
  0.00559    124.12      124.12           0           0           0  35.0499   0.1605  0.0295  1.0000  0.0000    217269  0.9500
  0.00531    124.05     124.048           0           0           0  35.0499   0.1427  0.0302  1.0000  0.0000    219126  0.8000
  0.00425    124.04     124.037           0           0           0  35.0499   0.1405  0.0175  1.0000  0.0000    220983  0.8000
  0.00340       124     124.002           0           0           0  35.0499   0.1244  0.0225  1.0000  0.0000    222840  0.8000
  0.00272    123.99     123.987           0           0           0  35.0499   0.1292  0.0089  1.0000  0.0000    224697  0.8000
  0.00218    123.94     123.944           0           0           0  35.0499   0.1029  0.0146  1.0000  0.0000    226554  0.8000
  0.00174    123.87     123.871           0           0           0  35.0499   0.1072  0.0112  1.0000  0.0000    228411  0.8000
  0.00139    123.86     123.861           0           0           0  35.0499   0.1163  0.0000  1.0000  0.0000    230268  0.8000
  0.00111    123.86      123.86           0           0           0  35.0499   0.1125  0.0000  1.0000  0.0000    232125  0.8000
  0.00089    123.86     123.857           0           0           0  35.0499   0.1088  0.0090  1.0000  0.0000    233982  0.8000
  0.00071    123.86     123.857           0           0           0  35.0499   0.1045  0.0090  1.0000  0.0000    235839  0.8000
  0.00057    123.86     123.857           0           0           0  35.0499   0.1029  0.0090  1.0000  0.0000    237696  0.8000
  0.00000    123.86     123.857           0           0           0            0.1012  0.0090  1.0000  0.0000    239553

