  0.05000    576.82     576.816           0           0           0  44.6945   0.3310 64.4219 26.0000  0.0000     10520  0.8000
  0.04000    472.75     472.749           0           0           0  44.6945   0.2839 12.2910 23.1657  0.0000     21040  0.8000
  0.03200    442.05     442.046           0           0           0  44.6945   0.2575  6.4378 19.5504  0.0000     31560  0.8000
  0.02560    420.92     420.919           0           0           0  44.6945   0.2834  4.3335 15.9826  0.0000     42080  0.8000
  0.02048    408.63     408.627           0           0           0  44.6945   0.2750  2.8027 13.4792  0.0000     52600  0.8000
  0.01638    398.27     398.265           0           0           0  44.6945   0.2866  3.1847 11.2551  0.0000     63120  0.8000
  0.01311    387.36     387.356           0           0           0  44.6945   0.3084  2.8634  9.5285  0.0000     73640  0.8000
  0.01049     379.2     379.197           0           0           0  44.6945   0.2986  1.6256  8.2742  0.0000     84160  0.8000
  0.00000     373.4       373.4           0           0           0            0.1348  1.9099  7.1041  0.0000     94680
  0.80000    659.82     659.817           0           0           0  44.6945   0.8460 20.8495 26.0000  0.0000     10520  0.8000
  0.64000    629.08     629.079           0           0           0  44.6945   0.8110 11.1096 26.0000  0.0000     21040  0.8000
  0.51200    605.26      605.26           0           0           0  44.6945   0.7740 11.1170 26.0000  0.0000     31560  0.8000
  0.40960    577.65     577.653           0           0           0  44.6945   0.7341  7.6635 26.0000  0.0000     42080  0.8000
  0.32768    554.93     554.926           0           0           0  44.6945   0.6849  9.4469 26.0000  0.0000     52600  0.8000
  0.26214    530.25     530.251           0           0           0  44.6945   0.6569  3.7713 26.0000  0.0000     63120  0.8000
  0.20972     503.5     503.499           0           0           0  44.6945   0.6212  6.8614 26.0000  0.0000     73640  0.8000
  0.16777    485.48     485.475           0           0           0  44.6945   0.5670  4.9751 26.0000  0.0000     84160  0.8000
  0.13422    468.41     468.413           0           0           0  44.6945   0.5185  4.4117 26.0000  0.0000     94680  0.8000
  0.10737    451.94     451.939           0           0           0  44.6945   0.4541  4.9955 26.0000  0.0000    105200  0.8000
  0.08590    437.95     437.952           0           0           0  44.6945   0.3939  3.4723 26.0000  0.0000    115720  0.8000
  0.06872    423.08     423.082           0           0           0  44.6945   0.3936  3.8017 24.8018  0.0000    126240  0.8000
  0.05498    410.93      410.93           0           0           0  44.6945   0.3509  3.4161 23.6518  0.0000    136760  0.8000
  0.04398    399.16     399.162           0           0           0  44.6945   0.3259  3.1651 21.5434  0.0000    147280  0.8000
  0.03518    389.14     389.136           0           0           0  44.6945   0.3187  3.2971 19.0843  0.0000    157800  0.8000
  0.02815    378.65     378.651           0           0           0  44.6945   0.3243  2.6059 16.7699  0.0000    168320  0.8000
  0.02252    371.21     371.213           0           0           0  44.6945   0.3178  2.1131 14.8302  0.0000    178840  0.8000
  0.01801    364.62     364.621           0           0           0  44.6945   0.2934  1.4819 13.0176  0.0000    189360  0.8000
  0.01441    359.03     359.031           0           0           0  44.6945   0.2867  1.9451 11.1097  0.0000    199880  0.8000
  0.01153    353.51     353.505           0           0           0  44.6945   0.2845  1.3795  9.4065  0.0000    210400  0.8000
  0.00000     348.8       348.8           0           0           0            0.1388  1.5988  7.9439  0.0000    220920
